50 0.01 190 441 0.4308390022675737 470 1241 0.37872683319903305
50 0.01 195 441 0.4421768707482993 500 1241 0.40290088638195004
50 0.01 186 441 0.4217687074829932 533 1241 0.42949234488315874
50 0.01 197 441 0.4467120181405896 497 1241 0.40048348106365833
50 0.01 192 441 0.43537414965986393 495 1241 0.3988718775181305
50 0.01 192 441 0.43537414965986393 496 1241 0.3996776792908944
50 0.01 179 441 0.40589569160997735 501 1241 0.40370668815471394
50 0.01 197 441 0.4467120181405896 511 1241 0.4117647058823529
50 0.01 192 441 0.43537414965986393 445 1241 0.3585817888799355
50 0.01 187 441 0.42403628117913833 466 1241 0.37550362610797744
100 0.01 151 441 0.3424036281179138 383 1241 0.30862207896857374
100 0.01 148 441 0.3356009070294785 362 1241 0.29170024174053183
100 0.01 155 441 0.35147392290249435 374 1241 0.3013698630136986
100 0.01 149 441 0.3378684807256236 419 1241 0.33763094278807415
100 0.01 147 441 0.3333333333333333 358 1241 0.2884770346494762
100 0.01 147 441 0.3333333333333333 385 1241 0.31023368251410155
100 0.01 137 441 0.31065759637188206 326 1241 0.2626913779210314
100 0.01 145 441 0.3287981859410431 350 1241 0.28203062046736505
100 0.01 148 441 0.3356009070294785 358 1241 0.2884770346494762
100 0.01 141 441 0.3197278911564626 338 1241 0.2723609991941982
150 0.01 114 441 0.2585034013605442 286 1241 0.23045930701047543
150 0.01 115 441 0.26077097505668934 269 1241 0.21676067687348913
150 0.01 127 441 0.28798185941043086 334 1241 0.26913779210314265
150 0.01 114 441 0.2585034013605442 273 1241 0.2199838839645447
150 0.01 113 441 0.2562358276643991 271 1241 0.21837228041901693
150 0.01 115 441 0.26077097505668934 288 1241 0.23207091055600323
150 0.01 108 441 0.24489795918367346 253 1241 0.20386784850926673
150 0.01 124 441 0.2811791383219955 351 1241 0.28283642224012895
150 0.01 133 441 0.30158730158730157 388 1241 0.3126510878323932
150 0.01 131 441 0.29705215419501135 319 1241 0.2570507655116841
