50 1.0 415 441 0.9410430839002267 1081 1241 0.871071716357776
50 1.0 415 441 0.9410430839002267 1081 1241 0.871071716357776
50 1.0 415 441 0.9410430839002267 1081 1241 0.871071716357776
50 1.0 415 441 0.9410430839002267 1081 1241 0.871071716357776
50 1.0 415 441 0.9410430839002267 1081 1241 0.871071716357776
50 1.0 415 441 0.9410430839002267 1081 1241 0.871071716357776
50 1.0 415 441 0.9410430839002267 1081 1241 0.871071716357776
50 1.0 415 441 0.9410430839002267 1081 1241 0.871071716357776
50 1.0 415 441 0.9410430839002267 1081 1241 0.871071716357776
50 1.0 415 441 0.9410430839002267 1081 1241 0.871071716357776
100 1.0 386 441 0.8752834467120182 1024 1241 0.8251410153102336
100 1.0 386 441 0.8752834467120182 1024 1241 0.8251410153102336
100 1.0 386 441 0.8752834467120182 1024 1241 0.8251410153102336
100 1.0 386 441 0.8752834467120182 1024 1241 0.8251410153102336
100 1.0 386 441 0.8752834467120182 1024 1241 0.8251410153102336
100 1.0 386 441 0.8752834467120182 1024 1241 0.8251410153102336
100 1.0 386 441 0.8752834467120182 1024 1241 0.8251410153102336
100 1.0 386 441 0.8752834467120182 1024 1241 0.8251410153102336
100 1.0 386 441 0.8752834467120182 1024 1241 0.8251410153102336
100 1.0 386 441 0.8752834467120182 1024 1241 0.8251410153102336
150 1.0 359 441 0.8140589569160998 972 1241 0.7832393231265109
150 1.0 359 441 0.8140589569160998 972 1241 0.7832393231265109
150 1.0 359 441 0.8140589569160998 972 1241 0.7832393231265109
150 1.0 359 441 0.8140589569160998 972 1241 0.7832393231265109
150 1.0 359 441 0.8140589569160998 972 1241 0.7832393231265109
150 1.0 359 441 0.8140589569160998 972 1241 0.7832393231265109
150 1.0 359 441 0.8140589569160998 972 1241 0.7832393231265109
150 1.0 359 441 0.8140589569160998 972 1241 0.7832393231265109
150 1.0 359 441 0.8140589569160998 972 1241 0.7832393231265109
150 1.0 359 441 0.8140589569160998 972 1241 0.7832393231265109
