50 0.001 79 441 0.17913832199546487 186 1241 0.1498791297340854
50 0.001 79 441 0.17913832199546487 212 1241 0.1708299758259468
50 0.001 82 441 0.18594104308390022 182 1241 0.14665592264302982
50 0.001 73 441 0.1655328798185941 183 1241 0.14746172441579372
50 0.001 79 441 0.17913832199546487 180 1241 0.145044319097502
50 0.001 82 441 0.18594104308390022 192 1241 0.15471394037066882
50 0.001 80 441 0.18140589569160998 229 1241 0.1845286059629331
50 0.001 80 441 0.18140589569160998 225 1241 0.18130539887187752
50 0.001 78 441 0.17687074829931973 202 1241 0.16277195809830783
50 0.001 80 441 0.18140589569160998 196 1241 0.1579371474617244
100 0.001 54 441 0.12244897959183673 116 1241 0.09347300564061241
100 0.001 55 441 0.12471655328798185 152 1241 0.12248186946011282
100 0.001 64 441 0.14512471655328799 158 1241 0.12731668009669622
100 0.001 51 441 0.11564625850340136 132 1241 0.1063658340048348
100 0.001 59 441 0.13378684807256236 144 1241 0.11603545527800162
100 0.001 53 441 0.12018140589569161 182 1241 0.14665592264302982
100 0.001 57 441 0.1292517006802721 139 1241 0.11200644641418211
100 0.001 53 441 0.12018140589569161 125 1241 0.10072522159548751
100 0.001 55 441 0.12471655328798185 115 1241 0.0926672038678485
100 0.001 55 441 0.12471655328798185 140 1241 0.11281224818694602
150 0.001 47 441 0.10657596371882086 114 1241 0.09186140209508462
150 0.001 44 441 0.09977324263038549 97 1241 0.0781627719580983
150 0.001 43 441 0.09750566893424037 105 1241 0.08460918614020951
150 0.001 37 441 0.08390022675736962 101 1241 0.08138597904915391
150 0.001 44 441 0.09977324263038549 113 1241 0.09105560032232071
150 0.001 38 441 0.08616780045351474 88 1241 0.07091055600322321
150 0.001 40 441 0.09070294784580499 114 1241 0.09186140209508462
150 0.001 45 441 0.10204081632653061 141 1241 0.11361804995970991
150 0.001 35 441 0.07936507936507936 89 1241 0.0717163577759871
150 0.001 51 441 0.11564625850340136 133 1241 0.10717163577759871
