0 1076 1.0
1 1071 0.9953531598513011
2 1051 0.9767657992565055
3 1044 0.9702602230483272
4 1033 0.9600371747211895
5 1023 0.9507434944237918
6 1018 0.9460966542750929
7 989 0.9191449814126395
8 983 0.9135687732342007
9 976 0.9070631970260223
10 965 0.8968401486988847
11 959 0.8912639405204461
12 952 0.8847583643122676
13 936 0.8698884758364313
14 924 0.8587360594795539
15 909 0.8447955390334573
16 902 0.8382899628252788
17 897 0.8336431226765799
18 886 0.8234200743494424
19 868 0.8066914498141264
20 855 0.7946096654275093
21 845 0.7853159851301115
22 835 0.7760223048327137
23 813 0.7555762081784386
24 797 0.7407063197026023
25 789 0.733271375464684
26 754 0.7007434944237918
27 735 0.6830855018587361
28 712 0.6617100371747212
29 707 0.6570631970260223
30 690 0.6412639405204461
31 678 0.6301115241635687
32 662 0.6152416356877324
33 642 0.5966542750929368
34 591 0.5492565055762082
35 563 0.5232342007434945
36 547 0.508364312267658
37 531 0.49349442379182157
38 485 0.4507434944237918
39 456 0.42379182156133827
40 415 0.3856877323420074
41 379 0.35223048327137546
42 340 0.3159851301115242
43 319 0.29646840148698883
44 304 0.2825278810408922
45 279 0.25929368029739774
46 252 0.2342007434944238
47 236 0.21933085501858737
48 214 0.19888475836431227
49 190 0.17657992565055763
50 171 0.15892193308550187
51 137 0.12732342007434944
52 115 0.10687732342007435
53 89 0.08271375464684015
54 71 0.06598513011152417
55 64 0.05947955390334572
56 48 0.04460966542750929
57 41 0.03810408921933085
58 38 0.03531598513011153
59 38 0.03531598513011153
60 21 0.019516728624535316
61 12 0.011152416356877323
62 8 0.007434944237918215
63 7 0.006505576208178439
64 5 0.004646840148698885
65 2 0.0018587360594795538
66 0 0.0
67 0 0.0
68 0 0.0
69 0 0.0
70 0 0.0
71 0 0.0
72 0 0.0
73 0 0.0
74 0 0.0
75 0 0.0
76 0 0.0
77 0 0.0
78 0 0.0
79 0 0.0
80 0 0.0
81 0 0.0
82 0 0.0
83 0 0.0
84 0 0.0
85 0 0.0
86 0 0.0
87 0 0.0
88 0 0.0
89 0 0.0
90 0 0.0
