0 273 100
1 273 100
2 273 100
3 273 100
4 273 100
5 273 100
6 273 100
7 273 100
8 273 100
9 273 100
10 273 100
11 273 100
12 273 100
13 273 100
14 273 100
15 273 100
16 273 100
17 273 100
18 273 100
19 273 100
20 273 100
21 273 100
22 273 100
23 273 100
24 273 100
25 273 100
26 272 99.6337
27 263 96.337
28 257 94.1392
29 252 92.3077
30 244 89.3773
31 234 85.7143
32 229 83.8828
33 218 79.8535
34 206 75.4579
35 191 69.9634
36 171 62.6374
37 154 56.4103
38 140 51.2821
39 125 45.7875
40 106 38.8278
41 78 28.5714
42 51 18.6813
43 30 10.989
44 21 7.69231
45 13 4.7619
46 7 2.5641
47 5 1.8315
48 0 0
49 0 0
50 0 0
51 0 0
52 0 0
53 0 0
54 0 0
55 0 0
56 0 0
57 0 0
58 0 0
59 0 0
60 0 0
61 0 0
62 0 0
63 0 0
64 0 0
65 0 0
66 0 0
67 0 0
68 0 0
69 0 0
70 0 0
71 0 0
72 0 0
73 0 0
74 0 0
75 0 0
76 0 0
77 0 0
78 0 0
79 0 0
80 0 0
81 0 0
82 0 0
83 0 0
84 0 0
85 0 0
86 0 0
87 0 0
88 0 0
89 0 0
90 0 0
