105 21 37.3 0 0 0
105 223 36.8 0 0 0
105 230 475 9 4 3
223 21 16.5 0 0 0
223 111 306 6 3 2
223 184 281 5 2 1
21 29 786 15 7 5
21 184 285 5 2 1
230 110 499 9 4 3
21 258 271 5 2 1
258 184 15.3 0 0 0
184 203 931 18 9 6
184 111 29.0 0 0 0
184 80 175 3 1 1
184 205 72.5 1 0 0
258 111 40.7 0 0 0
205 80 107 2 1 0
80 145 270 5 2 1
80 17 227 4 2 1
80 53 621 12 6 4
80 192 509 10 5 3
145 192 240 4 2 1
192 53 117 2 1 0
53 203 144 2 1 0
142 203 297 5 2 1
201 193 186 3 1 1
201 9 23.0 0 0 0
9 203 12.7 0 0 0
166 212 20.3 0 0 0
166 203 132 2 1 0
166 213 65.3 1 0 0
145 203 495 9 4 3
201 203 30.3 0 0 0
203 155 121 2 1 0
155 95 153 3 1 1
155 213 136 2 1 0
166 155 130 2 1 0
213 206 95.2 1 0 0
213 104 322 6 3 2
213 174 28.3 0 0 0
213 242 19.9 0 0 0
174 215 25.3 0 0 0
215 212 31.6 0 0 0
215 242 36.5 0 0 0
242 212 65.4 1 0 0
203 212 141 2 1 0
206 104 227 4 2 1
95 104 247 4 2 1
95 15 176 3 1 1
104 217 131 2 1 0
104 134 76.6 1 0 0
104 15 216 4 2 1
15 135 180 3 1 1
15 214 219 4 2 1
15 210 265 5 2 1
104 214 24.5 0 0 0
214 134 96.9 1 0 0
134 217 86.4 1 0 0
217 135 153 3 1 1
135 210 96.1 1 0 0
135 171 57.8 1 0 0
135 195 86.8 1 0 0
135 8 42.7 0 0 0
135 216 51.9 1 0 0
171 44 86.6 1 0 0
171 211 140 2 1 0
211 195 159 3 1 1
211 216 144 2 1 0
211 44 56.2 1 0 0
211 179 571 11 5 3
171 8 19.0 0 0 0
211 8 155 3 1 1
195 210 18.6 0 0 0
195 179 515 10 5 3
210 128 362 7 3 2
15 128 459 9 4 3
128 207 677 13 6 4
128 179 486 9 4 3
29 168 490 9 4 3
184 29 694 13 6 4
29 207 546 10 5 3
179 256 182 3 1 1
179 218 683 13 6 4
256 218 502 10 5 3
207 51 709 14 7 4
207 70 833 16 8 5
207 98 457 9 4 3
207 168 61.4 1 0 0
207 100 789 15 7 5
207 193 834 16 8 5
168 100 779 15 7 5
168 51 699 13 6 4
110 24 384 7 3 2
24 45 443 8 4 2
45 51 287 5 2 1
51 100 84.1 1 0 0
51 70 161 3 1 1
70 239 552 11 5 3
70 98 392 7 3 2
70 100 103 2 1 0
70 57 111 2 1 0
70 87 84.3 1 0 0
70 31 47.8 0 0 0
70 137 880 17 8 5
70 249 872 17 8 5
70 131 781 15 7 5
57 4 611 12 6 4
57 7 579 11 5 3
57 239 500 10 5 3
100 87 32.7 0 0 0
100 31 86.6 1 0 0
31 87 53.5 1 0 0
4 218 419 8 4 2
70 4 719 14 7 4
218 77 21.3 0 0 0
4 77 428 8 4 2
256 77 511 10 5 3
77 239 726 14 7 4
239 7 129 2 1 0
7 137 199 3 1 1
7 265 362 7 3 2
137 265 337 6 3 2
265 91 185 3 1 1
265 64 228 4 2 1
182 64 32.4 0 0 0
182 91 75.9 1 0 0
64 113 385 7 3 2
64 91 51.6 1 0 0
64 259 155 3 1 1
64 38 275 5 2 1
64 257 415 8 4 2
64 132 514 10 5 3
64 169 332 6 3 2
91 169 321 6 3 2
91 1 240 4 2 1
91 259 146 2 1 0
91 202 276 5 2 1
91 113 421 8 4 2
1 151 239 4 2 1
77 151 491 9 4 3
259 38 138 2 1 0
259 202 135 2 1 0
38 113 161 3 1 1
202 14 29.7 0 0 0
14 113 266 5 2 1
14 209 128 2 1 0
209 127 253 5 2 1
209 60 231 4 2 1
209 113 318 6 3 2
77 209 887 17 8 5
240 60 301 6 3 2
240 113 41.4 0 0 0
14 240 268 5 2 1
20 18 399 7 3 2
20 113 42.6 0 0 0
113 18 433 8 4 2
113 11 1276 25 12 8
60 113 345 6 3 2
60 106 224 4 2 1
127 144 269 5 2 1
144 106 56.1 1 0 0
169 257 171 3 1 1
169 264 260 5 2 1
257 234 637 12 6 4
70 120 970 19 9 6
257 120 408 8 4 2
264 120 317 6 3 2
249 120 98.5 1 0 0
249 131 270 5 2 1
120 234 404 8 4 2
120 170 292 5 2 1
131 170 95.4 1 0 0
170 63 7.3 0 0 0
63 71 206 4 2 1
71 74 377 7 3 2
71 153 393 7 3 2
71 173 291 5 2 1
153 173 107 2 1 0
153 75 149 2 1 0
153 140 432 8 4 2
173 74 89.1 1 0 0
153 74 30.5 0 0 0
234 115 393 7 3 2
234 52 479 9 4 3
234 231 156 3 1 1
234 54 563 11 5 3
132 147 221 4 2 1
18 160 132 2 1 0
18 11 847 16 8 5
18 116 282 5 2 1
160 154 232 4 2 1
75 101 309 6 3 2
75 140 286 5 2 1
140 152 127 2 1 0
101 152 191 3 1 1
152 52 148 2 1 0
52 115 296 5 2 1
52 72 453 9 4 3
52 231 325 6 3 2
52 227 152 3 1 1
52 119 235 4 2 1
116 11 614 12 6 4
154 177 94.4 1 0 0
154 34 89.0 1 0 0
154 245 391 7 3 2
154 85 87.8 1 0 0
25 225 254 5 2 1
25 11 236 4 2 1
11 49 190 3 1 1
11 156 402 8 4 2
11 139 135 2 1 0
139 117 434 8 4 2
13 220 195 3 1 1
13 58 121 2 1 0
220 46 172 3 1 1
220 117 224 4 2 1
177 34 7.2 0 0 0
177 85 12.5 0 0 0
85 245 307 6 3 2
245 55 406 8 4 2
245 167 298 5 2 1
245 96 245 4 2 1
245 117 267 5 2 1
245 246 445 8 4 2
11 245 426 8 4 2
117 67 143 2 1 0
117 172 227 4 2 1
96 167 61.6 1 0 0
117 96 115 2 1 0
67 146 148 2 1 0
67 172 91.1 1 0 0
67 247 81.4 1 0 0
247 146 76.7 1 0 0
247 172 67.9 1 0 0
270 172 74.1 1 0 0
270 167 157 3 1 1
270 124 23.3 0 0 0
270 149 362 7 3 2
146 262 182 3 1 1
262 28 44.1 0 0 0
262 88 75.2 1 0 0
28 69 8.4 0 0 0
28 172 312 6 3 2
69 183 9.5 0 0 0
183 88 18.3 0 0 0
88 112 17.6 0 0 0
88 149 46.5 0 0 0
112 149 32.6 0 0 0
149 172 380 7 3 2
149 89 255 5 2 1
89 246 204 4 2 1
89 219 124 2 1 0
219 246 98.1 1 0 0
204 55 36.6 0 0 0
204 246 37.7 0 0 0
55 246 36.8 0 0 0
246 167 157 3 1 1
246 172 135 2 1 0
246 124 56.8 1 0 0
172 167 127 2 1 0
245 172 422 8 4 2
103 229 51.1 1 0 0
11 103 234 4 2 1
103 36 233 4 2 1
229 47 119 2 1 0
229 97 84.3 1 0 0
11 229 280 5 2 1
58 47 149 2 1 0
46 84 352 7 3 2
46 268 282 5 2 1
147 156 341 6 3 2
156 32 107 2 1 0
156 49 214 4 2 1
156 136 283 5 2 1
156 225 92.8 1 0 0
156 143 105 2 1 0
143 49 114 2 1 0
36 252 30.0 0 0 0
36 122 36.3 0 0 0
36 118 40.3 0 0 0
36 130 369 7 3 2
122 252 22.0 0 0 0
122 118 37.4 0 0 0
118 252 27.9 0 0 0
97 47 36.8 0 0 0
47 261 642 12 6 4
47 10 675 13 6 4
47 269 127 2 1 0
47 102 125 2 1 0
11 47 394 7 3 2
269 102 33.1 0 0 0
102 190 147 2 1 0
102 73 110 2 1 0
102 65 101 2 1 0
73 190 39.7 0 0 0
190 84 104 2 1 0
190 199 94.6 1 0 0
190 268 208 4 2 1
190 194 274 5 2 1
199 164 207 4 2 1
84 268 149 2 1 0
268 268 1 0 0 0
32 136 197 3 1 1
130 136 127 2 1 0
150 136 25.3 0 0 0
136 115 183 3 1 1
136 54 160 3 1 1
257 115 1025 20 10 6
115 227 240 4 2 1
115 54 181 3 1 1
227 248 250 5 2 1
227 119 118 2 1 0
119 19 43.0 0 0 0
119 99 80.9 1 0 0
19 72 196 3 1 1
227 19 154 3 1 1
19 248 214 4 2 1
99 126 105 2 1 0
126 72 145 2 1 0
19 126 78.4 1 0 0
72 78 233 4 2 1
72 228 24.5 0 0 0
72 253 38.8 0 0 0
72 68 14.7 0 0 0
72 133 31.8 0 0 0
72 248 94.2 1 0 0
72 56 273 5 2 1
68 133 24.0 0 0 0
68 228 21.3 0 0 0
133 253 53.6 1 0 0
133 228 23.8 0 0 0
228 253 31.4 0 0 0
54 66 87.7 1 0 0
66 59 115 2 1 0
66 66 1 0 0 0
59 2 203 4 2 1
59 56 230 4 2 1
59 248 229 4 2 1
248 56 184 3 1 1
248 78 143 2 1 0
78 56 49.1 0 0 0
56 79 166 3 1 1
56 39 305 6 3 2
56 148 39.8 0 0 0
56 2 62.8 1 0 0
148 79 130 2 1 0
2 181 179 3 1 1
2 273 81.3 1 0 0
2 260 70.2 1 0 0
260 273 25.8 0 0 0
273 79 159 3 1 1
273 181 107 2 1 0
65 138 114 2 1 0
65 197 119 2 1 0
197 237 142 2 1 0
138 48 110 2 1 0
50 164 10.1 0 0 0
50 194 168 3 1 1
164 194 150 3 1 1
194 94 93.8 1 0 0
194 261 175 3 1 1
48 237 63.9 1 0 0
48 261 188 3 1 1
48 10 175 3 1 1
108 237 44.9 0 0 0
108 261 210 4 2 1
108 107 297 5 2 1
108 43 261 5 2 1
94 261 86.1 1 0 0
10 261 56.0 1 0 0
261 178 224 4 2 1
261 43 182 3 1 1
261 250 89.2 1 0 0
261 93 78.3 1 0 0
261 16 62.0 1 0 0
16 250 23.6 0 0 0
16 178 170 3 1 1
16 93 78.5 1 0 0
93 181 321 6 3 2
79 39 149 2 1 0
181 6 158 3 1 1
181 114 94.0 1 0 0
261 181 394 7 3 2
114 189 44.5 0 0 0
189 62 159 3 1 1
62 39 176 3 1 1
27 236 69.3 1 0 0
6 236 70.5 1 0 0
6 107 210 4 2 1
236 267 107 2 1 0
236 266 213 4 2 1
236 107 139 2 1 0
267 266 111 2 1 0
266 222 32.0 0 0 0
266 5 103 2 1 0
222 243 210 4 2 1
222 198 348 6 3 2
43 107 40.5 0 0 0
107 129 54.2 1 0 0
107 125 64.0 1 0 0
107 272 42.1 0 0 0
107 191 103 2 1 0
272 125 41.3 0 0 0
178 161 157 3 1 1
178 76 107 2 1 0
178 251 52.9 1 0 0
178 5 102 2 1 0
178 191 103 2 1 0
5 191 64.6 1 0 0
129 191 48.9 0 0 0
251 76 48.2 0 0 0
186 76 33.7 0 0 0
251 186 20.2 0 0 0
76 162 39.8 0 0 0
76 161 58.7 1 0 0
162 263 63.9 1 0 0
162 161 17.0 0 0 0
161 157 229 4 2 1
161 22 105 2 1 0
161 263 51.3 1 0 0
161 37 92.9 1 0 0
157 22 304 6 3 2
22 37 11.5 0 0 0
163 198 139 2 1 0
163 39 31.6 0 0 0
39 243 245 4 2 1
39 198 124 2 1 0
200 243 87.7 1 0 0
200 3 152 3 1 1
185 263 93.8 1 0 0
185 235 119 2 1 0
185 3 128 2 1 0
263 235 25.2 0 0 0
157 3 24.4 0 0 0
3 232 141 2 1 0
3 221 30.8 0 0 0
3 254 13.0 0 0 0
221 254 26.2 0 0 0
254 41 231 4 2 1
165 35 23.8 0 0 0
165 235 15.3 0 0 0
235 109 124 2 1 0
109 158 62.6 1 0 0
109 187 139 2 1 0
159 158 77.7 1 0 0
159 187 90.9 1 0 0
158 35 32.3 0 0 0
187 92 70.1 1 0 0
187 30 80.8 1 0 0
30 232 146 2 1 0
30 92 36.0 0 0 0
30 271 75.7 1 0 0
92 271 44.5 0 0 0
271 232 84.2 1 0 0
171 216 7.1 0 0 0
223 52 3321 66 33 22
234 156 497 9 4 3
207 179 1061 21 10 7
153 70 1471 29 14 9
147 120 731 14 7 4
156 245 790 15 7 5
71 52 537 10 5 3
64 11 1258 25 12 8
64 160 815 16 8 5
223 244 54.1 1 0 0
53 238 220 4 2 1
213 238 121 2 1 0
91 8 2234 44 22 14
52 120 826 16 8 5
71 120 316 6 3 2
82 11 340 6 3 2
46 11 481 9 4 3
196 227 237 4 2 1
196 72 526 10 5 3
196 2 552 11 5 3
212 128 916 18 9 6
264 128 1877 37 18 12
54 261 813 16 8 5
179 169 1545 30 15 10
132 169 545 10 5 3
156 261 1072 21 10 7
135 70 1635 32 16 10
213 70 2059 41 20 13
113 149 1911 38 19 12
161 149 2063 41 20 13
149 261 1696 33 16 11
257 147 648 12 6 4
116 147 338 6 3 2
70 223 2100 42 21 14
135 145 1111 22 11 7
64 128 1967 39 19 13
234 147 457 9 4 3
52 59 575 11 5 3
161 135 4490 89 44 29
161 212 4671 93 46 31
52 140 237 4 2 1
230 29 679 13 6 4
179 4 675 13 6 4
226 64 302 6 3 2
54 130 133 2 1 0
241 170 1870 37 18 12
169 174 2576 51 25 17
169 120 565 11 5 3
23 120 342 6 3 2
23 90 132 2 1 0
120 90 472 9 4 3
10 128 3848 76 38 25
179 10 3673 73 36 24
171 10 4261 85 42 28
11 10 1060 21 10 7
81 61 262 5 2 1
203 61 234 4 2 1
81 203 465 9 4 3
12 203 53.0 1 0 0
12 255 109 2 1 0
141 255 277 5 2 1
141 26 67.8 1 0 0
213 26 498 9 4 3
179 175 248 4 2 1
123 175 62.0 1 0 0
123 40 106 2 1 0
121 40 59.3 1 0 0
121 86 235 4 2 1
224 86 47.5 0 0 0
224 42 43.9 0 0 0
180 42 68.3 1 0 0
180 176 24.9 0 0 0
179 176 144 2 1 0
151 137 191 3 1 1
64 137 556 11 5 3
151 208 180 3 1 1
113 208 584 11 5 3
153 24 1352 27 13 9
184 230 566 11 5 3
33 24 228 4 2 1
207 213 1236 24 12 8
207 135 1108 22 11 7
179 64 1713 34 17 11
207 52 2252 45 22 15
207 188 72.9 1 0 0
83 233 277 5 2 1
153 233 105 2 1 0
