90 0 0
88 0 0
86 0 0
84 0 0
82 0.70102484 0.00000001
80 618.77152801 0.00000776
78 2637.88715974 0.00003310
76 3654.50167811 0.00004586
74 9239.26242608 0.00011593
72 35734.74931490 0.00044840
70 154664.55631642 0.00194072
68 1110947.79800227 0.01394009
66 900267.38828997 0.01129649
64 2578513.26724945 0.03235499
62 4187051.72866704 0.05253881
60 10731318.96871592 0.13465579
58 19324185.71870681 0.24247845
56 31094341.90880468 0.39016950
54 68991209.91357230 0.86569659
52 104286733.44783334 1.30858220
50 137732262.76946098 1.72825422
48 113371726.79922795 1.42258002
46 103734891.03296433 1.30165772
44 147473980.93224171 1.85049258
42 152980305.93382594 1.91958554
40 270838753.66159505 3.39846460
38 251532505.01833609 3.15621123
36 337959401.43169212 4.24068952
34 429375672.21134913 5.38777411
32 343598527.60712606 4.31144885
30 462493362.79930729 5.80333243
28 358932826.78964508 4.50386250
26 469225975.44348204 5.88781276
24 513936678.35904974 6.44883934
22 482491462.84144372 6.05426711
20 245316024.29390010 3.07820729
18 231961251.55383307 2.91063259
16 162660666.85832813 2.04105399
14 202103956.15007657 2.53598546
12 261221412.62741455 3.27778692
10 260876841.79713738 3.27346327
8 186105417.56045488 2.33523698
6 215571141.13245380 2.70497070
4 131165193.48220502 1.64585112
2 81416266.80640370 1.02160528
0 98127493.77374434 1.23129652
-2 95567605.34164597 1.19917523
-4 95811647.71992727 1.20223745
-6 87609556.85834205 1.09931822
-8 206430684.52125314 2.59027693
-10 82519379.64419606 1.03544706
-12 39462842.46378075 0.49517682
-14 43725652.39158657 0.54866624
-16 45329825.50568266 0.56879529
-18 42433011.42936525 0.53244628
-20 34747466.86592997 0.43600864
-22 32597653.34864057 0.40903294
-24 72750839.02424668 0.91287214
-26 37818943.33038680 0.47454930
-28 35498317.55391701 0.44543026
-30 23108378.41652471 0.28996222
-32 16453684.07532599 0.20645961
-34 31474623.83843661 0.39494125
-36 29576442.60134110 0.37112301
-38 10693693.88664200 0.13418368
-40 4934000.54839800 0.06191147
-42 2374865.05460300 0.02979963
-44 1393224.33515060 0.01748208
-46 636411.38163300 0.00798564
-48 282947.80302000 0.00355041
-50 99109.86090000 0.00124362
-52 176576.08029400 0.00221566
-54 159515.71260820 0.00200159
-56 162575.32392400 0.00203998
-58 0 0
-60 0 0
-62 0 0
-64 0 0
-66 0 0
-68 0 0
-70 0 0
-72 0 0
-74 0 0
-76 0 0
-78 0 0
-80 0 0
-82 0 0
-84 0 0
-86 0 0
-88 0 0
-90 0 0
