0 46032818 100
1 45999422 99.9275
2 45754431 99.3952
3 45666021 99.2032
4 45490342 98.8215
5 45333521 98.4809
6 45262155 98.3258
7 44978559 97.7098
8 44870190 97.4743
9 44768996 97.2545
10 44719547 97.1471
11 44546640 96.7715
12 44516668 96.7064
13 44372173 96.3925
14 44138567 95.885
15 44029728 95.6486
16 43966132 95.5104
17 43609512 94.7357
18 43527096 94.5567
19 43306569 94.0776
20 42662864 92.6792
21 42217753 91.7123
22 41906653 91.0365
23 40546011 88.0807
24 39676038 86.1908
25 39320885 85.4192
26 38714348 84.1016
27 38243218 83.0782
28 37852602 82.2296
29 37200153 80.8122
30 36471100 79.2285
31 35350631 76.7944
32 34452117 74.8425
33 33318441 72.3798
34 32165528 69.8752
35 29587655 64.2751
36 27905441 60.6208
37 26455673 57.4713
38 20280744 44.0571
39 19305069 41.9376
40 17496213 38.0081
41 15785205 34.2912
42 14081524 30.5902
43 13043649 28.3355
44 11805498 25.6458
45 11216286 24.3658
46 10311358 22.4
47 9820582 21.3339
48 8794749 19.1054
49 7603096 16.5167
50 6948195 15.094
51 5936930 12.8972
52 4001154 8.69196
53 2726490 5.92293
54 1995611 4.33519
55 1724553 3.74636
56 1019543 2.21482
57 775650 1.68499
58 693386 1.50629
59 612879 1.3314
60 275527 0.598545
61 151238 0.328544
62 110615 0.240296
63 87595 0.190288
64 60468 0.131358
65 37664 0.0818199
66 30725 0.0667459
67 26493 0.0575524
68 21428 0.0465494
69 8148 0.0177004
70 1185 0.00257425
71 300 0.000651709
72 252 0.000547436
73 171 0.000371474
74 160 0.000347578
75 51 0.000110791
76 51 0.000110791
77 17 3.69302e-05
78 17 3.69302e-05
79 6 1.30342e-05
80 6 1.30342e-05
81 6 1.30342e-05
82 6 1.30342e-05
83 6 1.30342e-05
84 6 1.30342e-05
85 6 1.30342e-05
86 6 1.30342e-05
87 6 1.30342e-05
88 6 1.30342e-05
89 6 1.30342e-05
90 6 1.30342e-05
