1633 250 5 2 1
1697 425 8 4 2
1132 265 5 2 1
1666 1835 36 18 12
1844 10860 217 108 72
1271 93 1 0 0
1286 230 4 2 1
1887 250 5 2 1
1486 212 4 2 1
1168 3751 75 37 25
1245 375 7 3 2
1819 150 3 1 1
1551 1287 25 12 8
1534 6700 134 67 44
1592 36500 730 365 243
1259 5 0 0 0
1357 9800 196 98 65
1494 85 1 0 0
1966 32 0 0 0
1781 332 6 3 2
1614 82 1 0 0
1366 1300 26 13 8
1948 576 11 5 3
1616 113 2 1 0
1833 1031 20 10 6
1305 230 4 2 1
1839 11100 222 111 74
1695 600 12 6 4
1070 7500 150 75 50
1166 3229 64 32 21
1094 1200 24 12 8
1514 2151 43 21 14
2098 95 1 0 0
1254 100 2 1 0
1231 500 10 5 3
1071 4400 88 44 29
2044 670 13 6 4
1560 14530 290 145 96
2068 110 2 1 0
1223 261 5 2 1
1762 43 0 0 0
1240 1205 24 12 8
1319 787 15 7 5
1761 19 0 0 0
1261 15 0 0 0
1323 115 2 1 0
1868 1136 22 11 7
2070 222 4 2 1
1986 2227 44 22 14
1725 6200 124 62 41
1938 6300 126 63 42
1825 1855 37 18 12
1536 12091 241 120 80
1184 1639 32 16 10
1895 5300 106 53 35
1817 2100 42 21 14
1629 17000 340 170 113
1218 180 3 1 1
1601 64 1 0 0
1999 170 3 1 1
1700 64 1 0 0
1428 299 5 2 1
1760 95 1 0 0
1799 48 0 0 0
1492 239 4 2 1
1704 237 4 2 1
1547 495 9 4 3
1904 326 6 3 2
1919 2600 52 26 17
1970 290 5 2 1
1076 23500 470 235 156
1289 128 2 1 0
1143 14301 286 143 95
1935 677 13 6 4
1222 218 4 2 1
1558 8000 160 80 53
1893 24 0 0 0
1185 7000 140 70 46
1073 7225 144 72 48
2042 760 15 7 5
1780 1318 26 13 8
1383 700 14 7 4
2061 348 6 3 2
1856 5800 116 58 38
2108 84.4 1 0 0
1752 80 1 0 0
1994 300 6 3 2
1621 178 3 1 1
1270 304 6 3 2
1968 250 5 2 1
1987 40 0 0 0
1776 1300 26 13 8
1192 433 8 4 2
1740 800 16 8 5
1624 1042 20 10 6
1729 634 12 6 4
1336 20 0 0 0
1971 6400 128 64 42
1539 117 2 1 0
1993 342 6 3 2
1990 275 5 2 1
1898 200 4 2 1
1568 2304 46 23 15
1842 290 5 2 1
1989 281 5 2 1
1818 4850 97 48 32
1365 208 4 2 1
1796 300 6 3 2
1149 13000 260 130 86
1733 14000 280 140 93
1028 14500 290 145 96
1518 1800 36 18 12
1926 60 1 0 0
1747 198 3 1 1
1875 137 2 1 0
1665 425 8 4 2
2099 32 0 0 0
1684 120 2 1 0
1527 1800 36 18 12
1563 1200 24 12 8
1728 10800 216 108 72
1179 3200 64 32 21
1443 73 1 0 0
1227 650 13 6 4
1238 968 19 9 6
1823 14500 290 145 96
1054 275 5 2 1
1727 6000 120 60 40
1262 110 2 1 0
1934 4700 94 47 31
1955 40 0 0 0
1991 94 1 0 0
1687 827 16 8 5
1009 30500 610 305 203
1569 4780 95 47 31
2056 167 3 1 1
2059 1300 26 13 8
1150 9504 190 95 63
1902 3693 73 36 24
1947 13 0 0 0
1992 221 4 2 1
2023 1700 34 17 11
1031 39000 780 390 260
1207 254 5 2 1
1535 1055 21 10 7
1643 2068 41 20 13
1949 3634 72 36 24
1832 267 5 2 1
1596 1448 28 14 9
1605 2917 58 29 19
1862 1900 38 19 12
1620 250 5 2 1
1446 110 2 1 0
1915 400 8 4 2
1667 2700 54 27 18
1324 112 2 1 0
1634 1600 32 16 10
1883 446 8 4 2
1576 1000 20 10 6
1516 4900 98 49 32
1308 170 3 1 1
1713 345 6 3 2
2040 1300 26 13 8
1645 2012 40 20 13
1610 280.4 5 2 1
1102 12700 254 127 84
1249 260 5 2 1
1307 269 5 2 1
1346 10300 206 103 68
1958 10500 210 105 70
1933 13780 275 137 91
1528 570 11 5 3
1219 14350 287 143 95
1301 238 4 2 1
1956 888 17 8 5
2064 155 3 1 1
1155 22300 446 223 148
1567 626 12 6 4
1939 1980 39 19 13
2092 165 3 1 1
1834 122 2 1 0
1891 52 1 0 0
1351 1300 26 13 8
1677 2297 45 22 15
1822 46 0 0 0
1199 437 8 4 2
1065 2600 52 26 17
2054 8790 175 87 58
2058 780 15 7 5
1520 6900 138 69 46
1565 7000 140 70 46
1673 4600 92 46 30
1247 333 6 3 2
1075 5150 103 51 34
1068 870 17 8 5
1801 1100 22 11 7
1951 410 8 4 2
1691 5536 110 55 36
2020 37000 740 370 246
1317 440 8 4 2
2011 1800 36 18 12
1523 3400 68 34 22
1350 159 3 1 1
1510 2817 56 28 18
1369 850 17 8 5
1455 479 9 4 3
1081 7001 140 70 46
1530 966 19 9 6
1840 138 2 1 0
2004 225 4 2 1
1213 13000 260 130 86
1779 178 3 1 1
1800 1120 22 11 7
1806 13 0 0 0
1046 9833 196 98 65
1482 1400 28 14 9
1830 40 0 0 0
1209 1300 26 13 8
1532 987 19 9 6
1641 131 2 1 0
1007 21000 420 210 140
1675 330 6 3 2
1544 5 0 0 0
2048 50 1 0 0
1855 1693 33 16 11
1234 312 6 3 2
1594 1060 21 10 7
1648 353 7 3 2
1751 67 1 0 0
1682 1259 25 12 8
1785 73 1 0 0
1816 1172 23 11 7
1302 162 3 1 1
1976 221 4 2 1
1229 186 3 1 1
1886 950 19 9 6
2067 238 4 2 1
1995 365 7 3 2
1746 1253 25 12 8
1043 15295 305 152 101
1529 1860 37 18 12
1782 685 13 6 4
1449 210 4 2 1
2088 210 4 2 1
1885 3498 69 34 23
1456 529 10 5 3
1387 35 0 0 0
1828 3800 76 38 25
1685 187 3 1 1
1364 391 7 3 2
1084 20000 400 200 133
1556 4805 96 48 32
1967 200 4 2 1
1602 97 1 0 0
1866 1398 27 13 9
1203 1751 35 17 11
1252 3175 63 31 21
1922 2800 56 28 18
1303 868 17 8 5
1672 1930 38 19 12
1950 109 2 1 0
1897 680 13 6 4
1636 260 5 2 1
1173 3578 71 35 23
1609 513 10 5 3
1552 15000 300 150 100
1561 70 1 0 0
1513 17000 340 170 113
1080 12200 244 122 81
2041 2000 40 20 13
1083 25000 500 250 166
1268 104 2 1 0
1964 2500 50 25 16
1735 8100 162 81 54
1427 190 3 1 1
1250 380 7 3 2
1242 250 5 2 1
1767 1700 34 17 11
1525 9620 192 96 64
2050 9200 184 92 61
1571 3000 60 30 20
1813 53 1 0 0
1759 44 0 0 0
1923 15000 300 150 100
1611 97.8 1 0 0
1932 10476 209 104 69
1651 2714 54 27 18
1581 290 5 2 1
1917 1528 30 15 10
1701 1400 28 14 9
1836 67 1 0 0
1526 9125 182 91 60
1631 4031 80 40 26
1246 10500 210 105 70
1867 60 1 0 0
1205 232 4 2 1
1996 543 10 5 3
1754 147 2 1 0
1965 850 17 8 5
1873 11000 220 110 73
1680 264 5 2 1
1472 241 4 2 1
1821 1100 22 11 7
1899 5457 109 54 36
1881 57 1 0 0
1705 213 4 2 1
2001 21 0 0 0
1975 153 3 1 1
1683 4600 92 46 30
1872 260 5 2 1
1148 8373 167 83 55
1861 2300 46 23 15
2049 400 8 4 2
1251 113 2 1 0
2060 2.5 0 0 0
1858 12971 259 129 86
1696 274 5 2 1
1702 36 0 0 0
1730 11 0 0 0
1924 5500 110 55 36
1709 6165 123 61 41
1555 209 4 2 1
1940 2100 42 21 14
1772 170 3 1 1
1686 17800 356 178 118
1664 770 15 7 5
1617 10400 208 104 69
1908 1200 24 12 8
1871 40 0 0 0
1538 550 11 5 3
1750 2288 45 22 15
1916 2400 48 24 16
1035 20000 400 200 133
1876 390 7 3 2
1880 2009 40 20 13
1341 110 2 1 0
1507 20000 400 200 133
1843 826 16 8 5
1597 1330 26 13 8
1541 25 0 0 0
1894 13700 274 137 91
1221 240 4 2 1
1559 20000 400 200 133
1577 800 16 8 5
1699 287 5 2 1
1545 21 0 0 0
2082 11000 220 110 73
1573 3634 72 36 24
1290 1730 34 17 11
1604 8900 178 89 59
1805 350 7 3 2
1010 22682 453 226 151
1988 368 7 3 2
1912 700 14 7 4
1787 10556 211 105 70
1671 1750 35 17 11
1692 4244 84 42 28
1890 6605 132 66 44
2103 300 6 3 2
1554 2400 48 24 16
2104 720 14 7 4
1835 97 1 0 0
1306 239 4 2 1
1220 13500 270 135 90
1027 28000 560 280 186
1208 142 2 1 0
2027 10400 208 104 69
1703 124 2 1 0
1296 240 4 2 1
1049 19000 380 190 126
1327 120 2 1 0
1795 1632 32 16 10
1348 2485 49 24 16
1744 4600 92 46 30
1850 1500 30 15 10
1892 3200 64 32 21
1580 15000 300 150 100
2007 95 1 0 0
1092 219 4 2 1
1632 21 0 0 0
2091 775 15 7 5
1928 14557 291 145 97
1863 4854 97 48 32
1612 1249 24 12 8
1078 8600 172 86 57
1072 10000 200 100 66
1786 13618 272 136 90
1069 470 9 4 3
1777 143 2 1 0
1794 11629 232 116 77
1959 7081 141 70 47
1739 25000 500 250 166
1943 940 18 9 6
1980 1004 20 10 6
1045 8500 170 85 56
1807 198 3 1 1
1888 2543 50 25 16
1918 1400 28 14 9
1998 263 5 2 1
1827 402 8 4 2
1224 245 4 2 1
1778 136 2 1 0
1874 279 5 2 1
1688 75 1 0 0
1321 134 2 1 0
2014 762 15 7 5
1137 203 4 2 1
1737 2500 50 25 16
2032 322 6 3 2
1963 400 8 4 2
1997 3500 70 35 23
2051 1000 20 10 6
1941 713 14 7 4
1361 1000 20 10 6
2101 1100 22 11 7
1921 1176 23 11 7
2052 750 15 7 5
1860 2000 40 20 13
1884 3156 63 31 21
1679 8148 162 81 54
1882 83 1 0 0
1326 130 2 1 0
1931 7200 144 72 48
1512 1634 32 16 10
1829 890 17 8 5
1689 400 8 4 2
1969 15393 307 153 102
2086 250 5 2 1
1187 309 6 3 2
1742 298 5 2 1
1925 59 1 0 0
1263 98 1 0 0
2066 118 2 1 0
1287 570 11 5 3
1914 1746 34 17 11
1232 1100 22 11 7
1356 325 6 3 2
1756 183 3 1 1
2062 9800 196 98 65
1299 169 3 1 1
1957 575 11 5 3
