250
425
265
1835
10860
93
230
250
212
3751
375
150
1287
6700
36500
5
9800
85
32
332
82
1300
576
113
1031
230
11100
600
7500
3229
1200
2151
95
100
500
4400
670
14530
110
261
43
1205
787
19
15
115
1136
222
2227
6200
6300
1855
12091
1639
5300
2100
17000
180
64
170
64
299
95
48
239
237
495
326
2600
290
23500
128
14301
677
218
8000
24
7000
7225
760
1318
700
348
5800
84.4
80
300
178
304
250
40
1300
433
800
1042
634
20
6400
117
342
275
200
2304
290
281
4850
208
300
13000
14000
14500
1800
60
198
137
425
32
120
1800
1200
10800
3200
73
650
968
14500
275
6000
110
4700
40
94
827
30500
4780
167
1300
9504
3693
13
221
1700
39000
254
1055
2068
3634
267
1448
2917
1900
250
110
400
2700
112
1600
446
1000
4900
170
345
1300
2012
280.4
12700
260
269
10300
10500
13780
570
14350
238
888
155
22300
626
1980
165
122
52
1300
2297
46
437
2600
8790
780
6900
7000
4600
333
5150
870
1100
410
5536
37000
440
1800
3400
159
2817
850
479
7001
966
138
225
13000
178
1120
13
9833
1400
40
1300
987
131
21000
330
5
50
1693
312
1060
353
67
1259
73
1172
162
221
186
950
238
365
1253
15295
1860
685
210
210
3498
529
35
3800
187
391
20000
4805
200
97
1398
1751
3175
2800
868
1930
109
680
260
3578
513
15000
70
17000
12200
2000
25000
104
2500
8100
190
380
250
1700
9620
9200
3000
53
44
15000
97.8
10476
2714
290
1528
1400
67
9125
4031
10500
60
232
543
147
850
11000
264
241
1100
5457
57
213
21
153
4600
260
8373
2300
400
113
2.5
12971
274
36
11
5500
6165
209
2100
170
17800
770
10400
1200
40
550
2288
2400
20000
390
2009
110
20000
826
1330
25
13700
240
20000
800
287
21
11000
3634
1730
8900
350
22682
368
700
10556
1750
4244
6605
300
2400
720
97
239
13500
28000
142
10400
124
240
19000
120
1632
2485
4600
1500
3200
15000
95
219
21
775
14557
4854
1249
8600
10000
13618
470
143
11629
7081
25000
940
1004
8500
198
2543
1400
263
402
245
136
279
75
134
762
203
2500
322
400
3500
1000
713
1000
1100
1176
750
2000
3156
8148
83
130
7200
1634
890
400
15393
250
309
298
59
98
118
570
1746
1100
325
183
9800
169
575
