0 1241 100.0 1241 100.0
1 1237 99.67767929089445 1209 97.42143432715552
2 1226 98.79129734085414 1174 94.60112812248187
3 1224 98.63013698630137 1150 92.66720386784851
4 1215 97.90491539081385 1124 90.57211925866237
5 1209 97.42143432715552 1101 88.7187751813054
6 1183 95.32634971796938 1074 86.54311039484287
7 1154 92.98952457695407 1053 84.85092667203868
8 1146 92.34488315874295 1039 83.72280419016921
9 1115 89.84689766317486 1000 80.58017727639
10 1112 89.60515713134569 976 78.64625302175665
11 1075 86.62369057211926 939 75.66478646253022
12 1063 85.65672844480258 919 74.05318291700242
13 1051 84.6897663174859 885 71.31345688960516
14 1011 81.46655922643029 861 69.3795326349718
15 1000 80.58017727639 840 67.68734891216761
16 994 80.09669621273167 819 65.99516518936342
17 986 79.45205479452055 793 63.900080580177274
18 973 78.40451248992748 764 61.56325543916196
19 905 72.92506043513296 724 58.340048348106365
20 897 72.28041901692184 713 57.453666398066076
21 877 70.66881547139404 689 55.519742143432715
22 858 69.13779210314263 669 53.908138597904916
23 837 67.44560838033844 649 52.296535052377116
24 835 67.28444802578565 634 51.08783239323127
25 831 66.9621273166801 621 50.040290088638194
26 812 65.43110394842869 598 48.18694601128122
27 773 62.288477034649475 578 46.57534246575342
28 768 61.885576148267525 569 45.85012087026591
29 756 60.91861402095085 552 44.480257856567285
30 735 59.22643029814665 540 43.51329572925061
31 723 58.259468170829976 534 43.02981466559226
32 718 57.856567284448026 525 42.30459307010475
33 705 56.809024979854954 508 40.934730056406124
34 687 55.35858178887994 489 39.40370668815471
35 679 54.713940370668816 478 38.517324738114425
36 659 53.102336825141016 456 36.74456083803384
37 614 49.47622884770347 426 34.32715551974214
38 604 48.67042707493957 417 33.60193392425463
39 582 46.897663174858984 402 32.39323126510878
40 565 45.52780016116036 388 31.265108783239324
41 554 44.64141821112006 374 30.136986301369863
42 531 42.7880741337631 357 28.767123287671232
43 523 42.143432715551974 350 28.203062046736502
44 469 37.792103142626914 333 26.83319903303787
45 462 37.22804190169219 327 26.349717969379533
46 427 34.40773569701853 317 25.543916196615633
47 419 33.763094278807415 310 24.979854955680903
48 395 31.829170024174054 303 24.415793714746172
49 395 31.829170024174054 300 24.174053182917003
50 391 31.506849315068493 289 23.28767123287671
51 335 26.994359387590652 277 22.32070910556003
52 327 26.349717969379533 267 21.51490733279613
53 311 25.06043513295729 251 20.225624496373893
54 267 21.51490733279613 236 19.016921837228043
55 245 19.74214343271555 211 17.00241740531829
56 203 16.35777598710717 167 13.456889605157132
57 196 15.79371474617244 143 11.522965350523771
58 186 14.987912973408541 113 9.105560032232072
59 170 13.698630136986301 98 7.89685737308622
60 118 9.508460918614022 70 5.640612409347301
61 82 6.60757453666398 51 4.109589041095891
62 66 5.3182917002417405 45 3.62610797743755
63 59 4.754230459307011 36 2.9008863819500403
64 32 2.5785656728444803 24 1.9339242546333602
65 26 2.09508460918614 20 1.6116035455278002
66 23 1.8533440773569703 17 1.36986301369863
67 20 1.6116035455278002 10 0.8058017727639001
68 19 1.53102336825141 8 0.6446414182111201
69 8 0.6446414182111201 4 0.32232070910556004
70 8 0.6446414182111201 4 0.32232070910556004
71 8 0.6446414182111201 2 0.16116035455278002
72 2 0.16116035455278002 1 0.08058017727639001
73 2 0.16116035455278002 1 0.08058017727639001
74 2 0.16116035455278002 1 0.08058017727639001
75 2 0.16116035455278002 1 0.08058017727639001
76 2 0.16116035455278002 1 0.08058017727639001
77 2 0.16116035455278002 1 0.08058017727639001
78 2 0.16116035455278002 1 0.08058017727639001
79 0 0.0 0 0.0
80 0 0.0 0 0.0
81 0 0.0 0 0.0
82 0 0.0 0 0.0
83 0 0.0 0 0.0
84 0 0.0 0 0.0
85 0 0.0 0 0.0
86 0 0.0 0 0.0
87 0 0.0 0 0.0
88 0 0.0 0 0.0
89 0 0.0 0 0.0
90 0 0.0 0 0.0
