50 0.001 0.05850340136054423 0.006234796863885496 0.04536663980660758 0.008249537080919366
50 0.002 0.09773242630385487 0.010061998971579951 0.07614826752618857 0.00975818960071498
50 0.003 0.14421768707482993 0.016975027004274737 0.12522159548751008 0.01643598598829679
50 0.004 0.17551020408163262 0.01334597638962554 0.14939564867042707 0.017503528099771747
50 0.005 0.1963718820861678 0.011791383219954646 0.1700241740531829 0.01854044642143796
50 0.006 0.23968253968253966 0.01956036987592258 0.19806607574536667 0.02488818927660368
50 0.007 0.24285714285714288 0.01210340693431521 0.20991136180499598 0.020267957021376667
50 0.008 0.2571428571428572 0.014702553358228869 0.23674456083803386 0.02615518855921706
50 0.009 0.2780045351473924 0.011964540551721468 0.25205479452054796 0.01677848802588432
50 0.01 0.30226757369614515 0.013607331690410424 0.2822723609991942 0.024618661853458193
50 0.02 0.39750566893424033 0.012422082471476036 0.38887993553585815 0.024682275222016634
50 0.03 0.4634920634920635 0.014022335450104586 0.4485898468976631 0.02050619069001685
50 0.04 0.5086167800453515 0.0139801021694316 0.4998388396454473 0.023223453136095033
50 0.05 0.5403628117913832 0.012949017265550318 0.544399677679291 0.020459115000881045
50 0.06 0.5643990929705216 0.017781306049991244 0.5565672844480257 0.02259422764995678
50 0.07 0.5882086167800453 0.01638939773205683 0.5920225624496374 0.026572038912949302
50 0.08 0.6113378684807256 0.012915220740043675 0.5946011281224819 0.01352907341011773
50 0.09 0.6392290249433107 0.01536103360946934 0.630781627719581 0.018381467089800718
50 0.1 0.6535147392290249 0.011508913868888452 0.6478646253021758 0.014346892679101407
50 0.2 0.7557823129251701 0.01908133286749336 0.7308622078968574 0.01937613992928664
50 0.3 0.8160997732426303 0.011448440418471055 0.7778404512489927 0.015712308083803507
50 0.4 0.8530612244897959 0.009502189042973676 0.8060435132957293 0.006693977252519005
50 0.5 0.8786848072562359 0.009580331144797092 0.8251410153102336 0.006395853290244779
50 0.6 0.8965986394557822 0.008616780045351475 0.8371474617244157 0.007562955124804083
50 0.7 0.9126984126984128 0.007044092774153783 0.8507655116841258 0.004681978741767573
50 0.8 0.9244897959183674 0.005650764532597336 0.8592264302981466 0.004077866536302996
50 0.9 0.9331065759637187 0.00557749382142806 0.8649476228847703 0.0042364027165495465
50 1.0 0.9410430839002266 1.1102230246251565e-16 0.871071716357776 0.0
