100 0.001 0.029478458049886618 0.006952249304651198 0.021917808219178082 0.008869677940897349
100 0.002 0.05328798185941044 0.008001033453232359 0.04174053182917002 0.008549097314987812
100 0.003 0.08095238095238096 0.009676457275896538 0.06752618855761483 0.014703619310822943
100 0.004 0.1052154195011338 0.011526770999672413 0.07792103142626913 0.017826440665247894
100 0.005 0.12471655328798185 0.014124636283353685 0.10056406124093473 0.014734499106973081
100 0.006 0.15215419501133787 0.017012848509662306 0.12876712328767123 0.01513449330099942
100 0.007 0.16349206349206352 0.012521031920434035 0.13102336825141014 0.012613822355745038
100 0.008 0.18140589569160998 0.01564461524776448 0.15286059629331186 0.016443292933940406
100 0.009 0.19183673469387758 0.01786065185262151 0.16929895245769538 0.024317196397679496
100 0.01 0.20340136054421767 0.015111298940177896 0.18162771958098306 0.024661220645787043
100 0.02 0.2922902494331066 0.009263808714655555 0.2671232876712329 0.014279980598009742
100 0.03 0.33650793650793653 0.01924634482895505 0.30829975825946815 0.022834778732065773
100 0.04 0.39206349206349206 0.009959270410883339 0.37961321514907337 0.02937023106966485
100 0.05 0.41950113378684806 0.012461343912956092 0.4087026591458501 0.02099666470647071
100 0.06 0.44784580498866217 0.018924393545311863 0.4351329572925061 0.029701201874837643
100 0.07 0.4784580498866212 0.01401499967379814 0.47042707493956487 0.021747095524396607
100 0.08 0.48979591836734704 0.012502538550648735 0.4838033843674456 0.0220507180292519
100 0.09 0.5092970521541951 0.009997917317482357 0.5000805801772763 0.024626968567974823
100 0.1 0.5308390022675737 0.012060849112899955 0.51651893634166 0.02880445486123825
100 0.2 0.6380952380952379 0.00941521065398037 0.6251410153102337 0.026843723208582762
100 0.3 0.7031746031746032 0.011845766790575021 0.6918614020950846 0.019493742244579476
100 0.4 0.7532879818594104 0.012328596117068644 0.7186140209508461 0.016259634218340275
100 0.5 0.780045351473923 0.009831965255636644 0.7560838033843674 0.007135328060358702
100 0.6 0.8058956916099774 0.008910150886343976 0.7712328767123288 0.012323499319627585
100 0.7 0.8317460317460317 0.007907299670822081 0.7914585012087028 0.013366597447054922
100 0.8 0.8471655328798186 0.006509161040547544 0.8042707493956487 0.006120381418777863
100 0.9 0.8630385487528345 0.0027210884353741508 0.81651893634166 0.0025998816768576277
100 1.0 0.8752834467120183 1.1102230246251565e-16 0.8251410153102336 0.0
