150 0.001 0.024489795918367346 0.005346859919524534 0.02215954875100725 0.009308667279650793
150 0.002 0.037641723356009064 0.011571293262742017 0.029411764705882353 0.01045215291786692
150 0.003 0.058503401360544216 0.007298628997474415 0.04431909750201451 0.007812538045795856
150 0.004 0.07596371882086168 0.012512816019339134 0.061402095084609185 0.012724525990750609
150 0.005 0.0891156462585034 0.008607824442676786 0.06728444802578566 0.017159037431040924
150 0.006 0.10090702947845805 0.011529001196268627 0.08082191780821918 0.013464607648365498
150 0.007 0.11473922902494331 0.015386118325340025 0.08614020950846092 0.01900889627015876
150 0.008 0.13446712018140589 0.009569590859868117 0.10765511684125706 0.014266105383613685
150 0.009 0.14081632653061224 0.012845359671898907 0.10499597099113618 0.01579063101997246
150 0.01 0.15147392290249434 0.01576901464917343 0.12151490733279613 0.021291472601446572
150 0.02 0.22993197278911565 0.00963118393723143 0.20362610797743752 0.01962272090918357
150 0.03 0.2875283446712018 0.011597924582806724 0.2643835616438356 0.01523562123803149
150 0.04 0.3351473922902494 0.01114576483214922 0.3262691377921031 0.024988821140457553
150 0.05 0.35351473922902493 0.008808582584832221 0.34157937147461725 0.031161616262362635
150 0.06 0.37845804988662135 0.014850443836764579 0.36841257050765513 0.025320133026259906
150 0.07 0.4015873015873016 0.019226297243747366 0.38734891216760686 0.026178142105344852
150 0.08 0.42947845804988666 0.012875346545649325 0.42602739726027405 0.02535664978824918
150 0.09 0.4501133786848072 0.010647942749999008 0.440692989524577 0.009672642557812675
150 0.1 0.45895691609977324 0.010401219901296789 0.4441579371474617 0.010480380652950275
150 0.2 0.5634920634920635 0.008970539884286857 0.5629331184528605 0.030234644650162824
150 0.3 0.6231292517006802 0.01095967888761413 0.6225624496373892 0.025856570498815398
150 0.4 0.6698412698412699 0.011659827784292469 0.662369057211926 0.017424706424851576
150 0.5 0.7049886621315193 0.007551394923059726 0.6951651893634166 0.010966307874914623
150 0.6 0.7340136054421769 0.007659567235398904 0.7233682514101532 0.00651703859648536
150 0.7 0.7614512471655329 0.0064774861029867035 0.7441579371474617 0.005802332321480965
150 0.8 0.7723356009070295 0.007113100744380097 0.7526994359387591 0.004920671922891889
150 0.9 0.7979591836734693 0.004472354404380065 0.7703464947622886 0.004500963753027856
150 1.0 0.8140589569160998 0.0 0.7832393231265108 1.1102230246251565e-16
