150 0.001 0.002214022140221402 0.002711612261383592 0.0 0.0
150 0.002 0.0029520295202952024 0.0025027047908211322 0.0003663003663003663 0.001098901098901099
150 0.003 0.004981549815498155 0.0023410659668726052 0.0003663003663003663 0.001098901098901099
150 0.004 0.009040590405904058 0.00390952400376699 0.0 0.0
150 0.005 0.008671586715867157 0.0035055350553505537 0.0003663003663003663 0.001098901098901099
150 0.006 0.009040590405904058 0.004323016425778592 0.001098901098901099 0.0016785991556614798
150 0.007 0.011439114391143913 0.005584039096096515 0.0 0.0
150 0.008 0.011623616236162362 0.005837377128987592 0.0018315018315018315 0.0024572175576920764
150 0.009 0.013284132841328414 0.003852511626904262 0.0 0.0
150 0.01 0.013468634686346865 0.005022382874101918 0.001098901098901099 0.0016785991556614798
150 0.02 0.030258302583025837 0.0036154830151781227 0.0014652014652014652 0.0017944979800609362
150 0.03 0.04132841328413284 0.007202664684849864 0.0014652014652014652 0.0017944979800609362
150 0.04 0.06217712177121772 0.0066035166672226125 0.0025641025641025645 0.002345466753638406
150 0.05 0.07177121771217712 0.00874974590507703 0.0032967032967032967 0.003455670744343078
150 0.06 0.08210332103321033 0.016258161881963253 0.004029304029304029 0.0034556707443430786
150 0.07 0.09243542435424354 0.007023197900617817 0.002197802197802198 0.0033571983113229596
150 0.08 0.10055350553505535 0.009048117959586146 0.0047619047619047615 0.0028608973171819247
150 0.09 0.11605166051660516 0.011022344672504682 0.00695970695970696 0.003042719363706255
150 0.1 0.12933579335793355 0.01211124976551757 0.008058608058608058 0.00394517568288242
150 0.2 0.20885608856088558 0.017750573388643085 0.01465201465201465 0.007326007326007326
150 0.3 0.27878228782287817 0.011386918172848317 0.029670329670329666 0.007224572499383158
150 0.4 0.32527675276752765 0.008537074023069573 0.04102564102564103 0.007102827629914035
150 0.5 0.36642066420664204 0.011732924793789403 0.06153846153846154 0.012877945663917178
150 0.6 0.40516605166051656 0.014902450558161376 0.07362637362637361 0.014784202249531548
150 0.7 0.44243542435424354 0.01261647306072232 0.10146520146520148 0.0174944380018455
150 0.8 0.47380073800738004 0.009650698767986724 0.1271062271062271 0.012373147072567424
150 0.9 0.4979704797047971 0.004981549815498143 0.14578754578754577 0.006511497741623146
150 1.0 0.5239852398523986 1.1102230246251565e-16 0.17216117216117216 0.0
