50 1.0 447 542 0.8247232472324724 150 273 0.5494505494505495
50 1.0 447 542 0.8247232472324724 150 273 0.5494505494505495
50 1.0 447 542 0.8247232472324724 150 273 0.5494505494505495
50 1.0 447 542 0.8247232472324724 150 273 0.5494505494505495
50 1.0 447 542 0.8247232472324724 150 273 0.5494505494505495
50 1.0 447 542 0.8247232472324724 150 273 0.5494505494505495
50 1.0 447 542 0.8247232472324724 150 273 0.5494505494505495
50 1.0 447 542 0.8247232472324724 150 273 0.5494505494505495
50 1.0 447 542 0.8247232472324724 150 273 0.5494505494505495
50 1.0 447 542 0.8247232472324724 150 273 0.5494505494505495
100 1.0 364 542 0.6715867158671587 88 273 0.32234432234432236
100 1.0 364 542 0.6715867158671587 88 273 0.32234432234432236
100 1.0 364 542 0.6715867158671587 88 273 0.32234432234432236
100 1.0 364 542 0.6715867158671587 88 273 0.32234432234432236
100 1.0 364 542 0.6715867158671587 88 273 0.32234432234432236
100 1.0 364 542 0.6715867158671587 88 273 0.32234432234432236
100 1.0 364 542 0.6715867158671587 88 273 0.32234432234432236
100 1.0 364 542 0.6715867158671587 88 273 0.32234432234432236
100 1.0 364 542 0.6715867158671587 88 273 0.32234432234432236
100 1.0 364 542 0.6715867158671587 88 273 0.32234432234432236
150 1.0 284 542 0.5239852398523985 47 273 0.17216117216117216
150 1.0 284 542 0.5239852398523985 47 273 0.17216117216117216
150 1.0 284 542 0.5239852398523985 47 273 0.17216117216117216
150 1.0 284 542 0.5239852398523985 47 273 0.17216117216117216
150 1.0 284 542 0.5239852398523985 47 273 0.17216117216117216
150 1.0 284 542 0.5239852398523985 47 273 0.17216117216117216
150 1.0 284 542 0.5239852398523985 47 273 0.17216117216117216
150 1.0 284 542 0.5239852398523985 47 273 0.17216117216117216
150 1.0 284 542 0.5239852398523985 47 273 0.17216117216117216
150 1.0 284 542 0.5239852398523985 47 273 0.17216117216117216
