50 0.001 0.005719557195571956 0.003346560359265139 0.0 0.0
50 0.002 0.015129151291512915 0.005005409581642265 0.001098901098901099 0.0016785991556614798
50 0.003 0.01734317343173432 0.0064549282968767155 0.0018315018315018315 0.0018315018315018315
50 0.004 0.022324723247232472 0.006032392149177791 0.001098901098901099 0.002345466753638406
50 0.005 0.03136531365313654 0.008168244878663711 0.0014652014652014652 0.0017944979800609362
50 0.006 0.03505535055350553 0.005152856104711787 0.002564102564102564 0.003296703296703297
50 0.007 0.03837638376383763 0.006743788517526592 0.0029304029304029304 0.002741140942691532
50 0.008 0.04538745387453875 0.005728477747697426 0.0018315018315018313 0.002457217557692077
50 0.009 0.04760147601476015 0.010065078743162995 0.0018315018315018315 0.0024572175576920764
50 0.01 0.05498154981549815 0.0069427629971316514 0.003663003663003663 0.0036630036630036634
50 0.02 0.0959409594095941 0.007097927698033707 0.0062271062271062275 0.003296703296703297
50 0.03 0.13745387453874539 0.010280909015317367 0.007692307692307691 0.003042719363706255
50 0.04 0.17269372693726937 0.008543053064789833 0.013553113553113552 0.004349575856057846
50 0.05 0.20774907749077492 0.013958878464485416 0.017582417582417582 0.0056272130021015445
50 0.06 0.23136531365313653 0.010246083672999865 0.018681318681318684 0.005543130384769801
50 0.07 0.25442804428044286 0.012026633570282115 0.02087912087912088 0.006140313045509235
50 0.08 0.2809963099630996 0.013177358919312982 0.02857142857142857 0.00832074482901139
50 0.09 0.29538745387453874 0.01632502518688092 0.03186813186813187 0.006140313045509236
50 0.1 0.32214022140221404 0.015484970670374383 0.039560439560439566 0.01007159493396888
50 0.2 0.4717712177121771 0.012783994244516617 0.10000000000000002 0.020788957690348293
50 0.3 0.5675276752767527 0.014948065756848056 0.1813186813186813 0.024803160464806153
50 0.4 0.6398523985239852 0.013527898730496944 0.25054945054945055 0.020342041577897176
50 0.5 0.6898523985239853 0.012660913995791714 0.3168498168498168 0.012715424877443064
50 0.6 0.7309963099630996 0.011155879304672297 0.37545787545787546 0.018186361300082648
50 0.7 0.7601476014760148 0.006652308626317314 0.4179487179487179 0.023764397924261677
50 0.8 0.7876383763837638 0.005501126020618312 0.47728937728937726 0.016629391154309402
50 0.9 0.8064575645756458 0.005501126020618284 0.5157509157509157 0.013084667472155125
50 1.0 0.8247232472324724 0.0 0.5494505494505495 0.0
