50 0.1 80 542 0.14760147601476015 4 273 0.014652014652014652
50 0.1 86 542 0.15867158671586715 4 273 0.014652014652014652
50 0.1 86 542 0.15867158671586715 2 273 0.007326007326007326
50 0.1 85 542 0.15682656826568267 3 273 0.01098901098901099
50 0.1 94 542 0.17343173431734318 10 273 0.03663003663003663
50 0.1 98 542 0.18081180811808117 5 273 0.018315018315018316
50 0.1 82 542 0.15129151291512916 6 273 0.02197802197802198
50 0.1 86 542 0.15867158671586715 4 273 0.014652014652014652
50 0.1 87 542 0.16051660516605165 2 273 0.007326007326007326
50 0.1 90 542 0.16605166051660517 5 273 0.018315018315018316
100 0.1 54 542 0.0996309963099631 1 273 0.003663003663003663
100 0.1 42 542 0.07749077490774908 2 273 0.007326007326007326
100 0.1 48 542 0.08856088560885608 1 273 0.003663003663003663
100 0.1 33 542 0.06088560885608856 1 273 0.003663003663003663
100 0.1 48 542 0.08856088560885608 1 273 0.003663003663003663
100 0.1 35 542 0.06457564575645756 0 273 0.0
100 0.1 51 542 0.0940959409594096 5 273 0.018315018315018316
100 0.1 44 542 0.08118081180811808 1 273 0.003663003663003663
100 0.1 39 542 0.07195571955719557 0 273 0.0
100 0.1 40 542 0.07380073800738007 3 273 0.01098901098901099
150 0.1 30 542 0.055350553505535055 1 273 0.003663003663003663
150 0.1 34 542 0.06273062730627306 0 273 0.0
150 0.1 27 542 0.04981549815498155 1 273 0.003663003663003663
150 0.1 31 542 0.05719557195571956 0 273 0.0
150 0.1 32 542 0.05904059040590406 1 273 0.003663003663003663
150 0.1 34 542 0.06273062730627306 1 273 0.003663003663003663
150 0.1 32 542 0.05904059040590406 1 273 0.003663003663003663
150 0.1 37 542 0.06826568265682657 2 273 0.007326007326007326
150 0.1 37 542 0.06826568265682657 3 273 0.01098901098901099
150 0.1 32 542 0.05904059040590406 1 273 0.003663003663003663
