100 0.001 0.0009225092250922509 0.0012376760023061566 0.0 0.0
100 0.002 0.005535055350553505 0.002736604607784377 0.0 0.0
100 0.003 0.007380073800738007 0.002975002859150756 0.0 0.0
100 0.004 0.009594095940959408 0.0039398812738122915 0.0003663003663003663 0.001098901098901099
100 0.005 0.013284132841328414 0.005822780014044096 0.0003663003663003663 0.001098901098901099
100 0.006 0.015867158671586716 0.005296199296829271 0.0007326007326007326 0.0014652014652014652
100 0.007 0.016051660516605164 0.006654866714712705 0.0003663003663003663 0.001098901098901099
100 0.008 0.02158671586715867 0.005413801015173878 0.0014652014652014652 0.002429761751176117
100 0.009 0.020848708487084873 0.003200987375073334 0.0003663003663003663 0.001098901098901099
100 0.01 0.023616236162361623 0.006433799178657821 0.0018315018315018315 0.0018315018315018315
100 0.02 0.0496309963099631 0.010353496565755129 0.002197802197802198 0.0017944979800609362
100 0.03 0.0654981549815498 0.007061866866791379 0.005128205128205128 0.002930402930402931
100 0.04 0.09391143911439115 0.00938786290273694 0.005860805860805861 0.0037355454312035055
100 0.05 0.10239852398523985 0.009701709834047901 0.006593406593406593 0.00394517568288242
100 0.06 0.11845018450184501 0.00972098883566014 0.004395604395604396 0.0031933325593704568
100 0.07 0.13966789667896679 0.014990136233911147 0.009523809523809525 0.005231815698566191
100 0.08 0.1632841328413284 0.00889635679058391 0.010256410256410256 0.00394517568288242
100 0.09 0.16771217712177125 0.014062139492465852 0.009890109890109891 0.005193203984892976
100 0.1 0.18136531365313652 0.008811774122700783 0.012454212454212455 0.004690933507276812
100 0.2 0.3031365313653137 0.012514884045838837 0.031135531135531136 0.008551368153793957
100 0.3 0.37177121771217714 0.012574582443829323 0.05750915750915749 0.010995114300222444
100 0.4 0.44354243542435423 0.012104221008750346 0.07875457875457875 0.012924746347529192
100 0.5 0.49594095940959415 0.011836911389184832 0.1293040293040293 0.011355311355311353
100 0.6 0.5501845018450184 0.010430475295278642 0.16666666666666669 0.0083929957783074
100 0.7 0.577859778597786 0.01136746996365267 0.19377289377289378 0.01441660707264061
100 0.8 0.6191881918819189 0.005547341837037981 0.24725274725274726 0.017963662762255278
100 0.9 0.644649446494465 0.007107513020021495 0.2838827838827839 0.012609461156086826
100 1.0 0.6715867158671587 0.0 0.3223443223443224 5.551115123125783e-17
