37.3
36.8
475
16.5
306
281
786
285
499
271
15.3
931
29.0
175
72.5
40.7
107
270
227
621
509
240
117
144
297
186
23.0
12.7
20.3
132
65.3
495
30.3
121
153
136
130
95.2
322
28.3
19.9
25.3
31.6
36.5
65.4
141
227
247
176
131
76.6
216
180
219
265
24.5
96.9
86.4
153
96.1
57.8
86.8
42.7
51.9
86.6
140
159
144
56.2
571
19.0
155
18.6
515
362
459
677
486
490
694
546
182
683
502
709
833
457
61.4
789
834
779
699
384
443
287
84.1
161
552
392
103
111
84.3
47.8
880
872
781
611
579
500
32.7
86.6
53.5
419
719
21.3
428
511
726
129
199
362
337
185
228
32.4
75.9
385
51.6
155
275
415
514
332
321
240
146
276
421
239
491
138
135
161
29.7
266
128
253
231
318
887
301
41.4
268
399
42.6
433
1276
345
224
269
56.1
171
260
637
970
408
317
98.5
270
404
292
95.4
7.3
206
377
393
291
107
149
432
89.1
30.5
393
479
156
563
221
132
847
282
232
309
286
127
191
148
296
453
325
152
235
614
94.4
89.0
391
87.8
254
236
190
402
135
434
195
121
172
224
7.2
12.5
307
406
298
245
267
445
426
143
227
61.6
115
148
91.1
81.4
76.7
67.9
74.1
157
23.3
362
182
44.1
75.2
8.4
312
9.5
18.3
17.6
46.5
32.6
380
255
204
124
98.1
36.6
37.7
36.8
157
135
56.8
127
422
51.1
234
233
119
84.3
280
149
352
282
341
107
214
283
92.8
105
114
30.0
36.3
40.3
369
22.0
37.4
27.9
36.8
642
675
127
125
394
33.1
147
110
101
39.7
104
94.6
208
274
207
149
1
197
127
25.3
183
160
1025
240
181
250
118
43.0
80.9
196
154
214
105
145
78.4
233
24.5
38.8
14.7
31.8
94.2
273
24.0
21.3
53.6
23.8
31.4
87.7
115
1
203
230
229
184
143
49.1
166
305
39.8
62.8
130
179
81.3
70.2
25.8
159
107
114
119
142
110
10.1
168
150
93.8
175
63.9
188
175
44.9
210
297
261
86.1
56.0
224
182
89.2
78.3
62.0
23.6
170
78.5
321
149
158
94.0
394
44.5
159
176
69.3
70.5
210
107
213
139
111
32.0
103
210
348
40.5
54.2
64.0
42.1
103
41.3
157
107
52.9
102
103
64.6
48.9
48.2
33.7
20.2
39.8
58.7
63.9
17.0
229
105
51.3
92.9
304
11.5
139
31.6
245
124
87.7
152
93.8
119
128
25.2
24.4
141
30.8
13.0
26.2
231
23.8
15.3
124
62.6
139
77.7
90.9
32.3
70.1
80.8
146
36.0
75.7
44.5
84.2
7.1
3321
497
1061
1471
731
790
537
1258
815
54.1
220
121
2234
826
316
340
481
237
526
552
916
1877
813
1545
545
1072
1635
2059
1911
2063
1696
648
338
2100
1111
1967
457
575
4490
4671
237
679
675
302
133
1870
2576
565
342
132
472
3848
3673
4261
1060
262
234
465
53.0
109
277
67.8
498
248
62.0
106
59.3
235
47.5
43.9
68.3
24.9
144
191
556
180
584
1352
566
228
1236
1108
1713
2252
72.9
277
105
