1 2 0
1 2 0.00369004
7.1 1 0.00553506
7.2 1 0.00738007
7.3 1 0.00922509
8.4 1 0.0110701
9.5 1 0.0129151
10.1 1 0.0147601
11.5 1 0.0166052
12.5 1 0.0184502
12.7 1 0.0202952
13.0 1 0.0221402
14.7 1 0.0239852
15.3 2 0.0276753
16.5 1 0.0295203
17.0 1 0.0313653
17.6 1 0.0332103
18.3 1 0.0350554
18.6 1 0.0369004
19.0 1 0.0387454
19.9 1 0.0405904
20.2 1 0.0424354
20.3 1 0.0442804
21.3 2 0.0479705
22.0 1 0.0498155
23.0 1 0.0516605
23.3 1 0.0535055
23.6 1 0.0553506
23.8 2 0.0590406
24.0 1 0.0608856
24.4 1 0.0627306
24.5 2 0.0664207
24.9 1 0.0682657
25.2 1 0.0701107
25.3 2 0.0738007
25.8 1 0.0756458
26.2 1 0.0774908
27.9 1 0.0793358
28.3 1 0.0811808
29.0 1 0.0830258
29.7 1 0.0848708
30.0 1 0.0867159
30.3 1 0.0885609
30.5 1 0.0904059
30.8 1 0.0922509
31.4 1 0.0940959
31.6 2 0.097786
31.8 1 0.099631
32.0 1 0.101476
32.3 1 0.103321
32.4 1 0.105166
32.6 1 0.107011
32.7 1 0.108856
33.1 1 0.110701
33.7 1 0.112546
36.0 1 0.114391
36.3 1 0.116236
36.5 1 0.118081
36.6 1 0.119926
36.8 3 0.125461
37.3 1 0.127306
37.4 1 0.129151
37.7 1 0.130996
38.8 1 0.132841
39.7 1 0.134686
39.8 2 0.138376
40.3 1 0.140221
40.5 1 0.142066
40.7 1 0.143911
41.3 1 0.145756
41.4 1 0.147601
42.1 1 0.149446
42.6 1 0.151292
42.7 1 0.153137
43.0 1 0.154982
43.9 1 0.156827
44.1 1 0.158672
44.5 2 0.162362
44.9 1 0.164207
46.5 1 0.166052
47.5 1 0.167897
47.8 1 0.169742
48.2 1 0.171587
48.9 1 0.173432
49.1 1 0.175277
51.1 1 0.177122
51.3 1 0.178967
51.6 1 0.180812
51.9 1 0.182657
52.9 1 0.184502
53.0 1 0.186347
53.5 1 0.188192
53.6 1 0.190037
54.1 1 0.191882
54.2 1 0.193727
56.0 1 0.195572
56.1 1 0.197417
56.2 1 0.199262
56.8 1 0.201107
57.8 1 0.202952
58.7 1 0.204797
59.3 1 0.206642
61.4 1 0.208487
61.6 1 0.210332
62.0 2 0.214022
62.6 1 0.215867
62.8 1 0.217712
63.9 2 0.221402
64.0 1 0.223247
64.6 1 0.225092
65.3 1 0.226937
65.4 1 0.228782
67.8 1 0.230627
67.9 1 0.232472
68.3 1 0.234317
69.3 1 0.236162
70.1 1 0.238007
70.2 1 0.239852
70.5 1 0.241697
72.5 1 0.243542
72.9 1 0.245387
74.1 1 0.247232
75.2 1 0.249077
75.7 1 0.250923
75.9 1 0.252768
76.6 1 0.254613
76.7 1 0.256458
77.7 1 0.258303
78.3 1 0.260148
78.4 1 0.261993
78.5 1 0.263838
80.8 1 0.265683
80.9 1 0.267528
81.3 1 0.269373
81.4 1 0.271218
84.1 1 0.273063
84.2 1 0.274908
84.3 2 0.278598
86.1 1 0.280443
86.4 1 0.282288
86.6 2 0.285978
86.8 1 0.287823
87.7 2 0.291513
87.8 1 0.293358
89.0 1 0.295203
89.1 1 0.297048
89.2 1 0.298893
90.9 1 0.300738
91.1 1 0.302583
92.8 1 0.304428
92.9 1 0.306273
93.8 2 0.309963
94.0 1 0.311808
94.2 1 0.313653
94.4 1 0.315498
94.6 1 0.317343
95.2 1 0.319188
95.4 1 0.321033
96.1 1 0.322878
96.9 1 0.324723
98.1 1 0.326568
98.5 1 0.328413
101 1 0.330258
102 1 0.332103
103 4 0.339483
104 1 0.341328
105 4 0.348708
106 1 0.350554
107 6 0.361624
109 1 0.363469
110 2 0.367159
111 2 0.370849
114 2 0.374539
115 2 0.378229
117 1 0.380074
118 1 0.381919
119 3 0.387454
121 3 0.392989
124 3 0.398524
125 1 0.400369
127 4 0.407749
128 2 0.411439
129 1 0.413284
130 2 0.416974
131 1 0.418819
132 3 0.424354
133 1 0.426199
135 3 0.431734
136 1 0.433579
138 1 0.435424
139 3 0.440959
140 1 0.442804
141 2 0.446494
142 1 0.448339
143 2 0.45203
144 3 0.457565
145 1 0.45941
146 2 0.4631
147 1 0.464945
148 2 0.468635
149 4 0.476015
150 1 0.47786
152 2 0.48155
153 2 0.48524
154 1 0.487085
155 2 0.490775
156 1 0.49262
157 3 0.498155
158 1 0.5
159 3 0.505535
160 1 0.50738
161 2 0.51107
166 1 0.512915
168 1 0.51476
170 1 0.516605
171 1 0.51845
172 1 0.520295
175 3 0.52583
176 2 0.52952
179 1 0.531365
180 2 0.535055
181 1 0.5369
182 3 0.542435
183 1 0.54428
184 1 0.546125
185 1 0.54797
186 1 0.549815
188 1 0.551661
190 1 0.553506
191 2 0.557196
195 1 0.559041
196 1 0.560886
197 1 0.562731
199 1 0.564576
203 1 0.566421
204 1 0.568266
206 1 0.570111
207 1 0.571956
208 1 0.573801
210 3 0.579336
213 1 0.581181
214 2 0.584871
216 1 0.586716
219 1 0.588561
220 1 0.590406
221 1 0.592251
224 3 0.597786
227 3 0.603321
228 2 0.607011
229 2 0.610701
230 1 0.612546
231 2 0.616236
232 1 0.618081
233 2 0.621771
234 2 0.625461
235 2 0.629151
236 1 0.630996
237 2 0.634686
239 1 0.636531
240 3 0.642066
245 2 0.645756
247 1 0.647601
248 1 0.649446
250 1 0.651292
253 1 0.653137
254 1 0.654982
255 1 0.656827
260 1 0.658672
261 1 0.660517
262 1 0.662362
265 1 0.664207
266 1 0.666052
267 1 0.667897
268 1 0.669742
269 1 0.671587
270 2 0.675277
271 1 0.677122
273 1 0.678967
274 1 0.680812
275 1 0.682657
276 1 0.684502
277 2 0.688192
280 1 0.690037
281 1 0.691882
282 2 0.695572
283 1 0.697417
285 1 0.699262
286 1 0.701107
287 1 0.702952
291 1 0.704797
292 1 0.706642
296 1 0.708487
297 2 0.712177
298 1 0.714022
301 1 0.715867
302 1 0.717712
304 1 0.719557
305 1 0.721402
306 1 0.723247
307 1 0.725092
309 1 0.726937
312 1 0.728782
316 1 0.730627
317 1 0.732472
318 1 0.734317
321 2 0.738007
322 1 0.739852
325 1 0.741697
332 1 0.743542
337 1 0.745387
338 1 0.747232
340 1 0.749077
341 1 0.750923
342 1 0.752768
345 1 0.754613
348 1 0.756458
352 1 0.758303
362 3 0.763838
369 1 0.765683
377 1 0.767528
380 1 0.769373
384 1 0.771218
385 1 0.773063
391 1 0.774908
392 1 0.776753
393 2 0.780443
394 2 0.784133
399 1 0.785978
402 1 0.787823
404 1 0.789668
406 1 0.791513
408 1 0.793358
415 1 0.795203
419 1 0.797048
421 1 0.798893
422 1 0.800738
426 1 0.802583
428 1 0.804428
432 1 0.806273
433 1 0.808118
434 1 0.809963
443 1 0.811808
445 1 0.813653
453 1 0.815498
457 2 0.819188
459 1 0.821033
465 1 0.822878
472 1 0.824723
475 1 0.826568
479 1 0.828413
481 1 0.830258
486 1 0.832103
490 1 0.833948
491 1 0.835793
495 1 0.837638
497 1 0.839483
498 1 0.841328
499 1 0.843173
500 1 0.845018
502 1 0.846863
509 1 0.848708
511 1 0.850554
514 1 0.852399
515 1 0.854244
526 1 0.856089
537 1 0.857934
545 1 0.859779
546 1 0.861624
552 2 0.865314
556 1 0.867159
563 1 0.869004
565 1 0.870849
566 1 0.872694
571 1 0.874539
575 1 0.876384
579 1 0.878229
584 1 0.880074
611 1 0.881919
614 1 0.883764
621 1 0.885609
637 1 0.887454
642 1 0.889299
648 1 0.891144
675 2 0.894834
677 1 0.896679
679 1 0.898524
683 1 0.900369
694 1 0.902214
699 1 0.904059
709 1 0.905904
719 1 0.907749
726 1 0.909594
731 1 0.911439
779 1 0.913284
781 1 0.915129
786 1 0.916974
789 1 0.918819
790 1 0.920664
813 1 0.922509
815 1 0.924354
826 1 0.926199
833 1 0.928044
834 1 0.929889
847 1 0.931734
872 1 0.933579
880 1 0.935424
887 1 0.937269
916 1 0.939114
931 1 0.940959
970 1 0.942804
1025 1 0.944649
1060 1 0.946494
1061 1 0.948339
1072 1 0.950185
1108 1 0.95203
1111 1 0.953875
1236 1 0.95572
1258 1 0.957565
1276 1 0.95941
1352 1 0.961255
1471 1 0.9631
1545 1 0.964945
1635 1 0.96679
1696 1 0.968635
1713 1 0.97048
1870 1 0.972325
1877 1 0.97417
1911 1 0.976015
1967 1 0.97786
2059 1 0.979705
2063 1 0.98155
2100 1 0.983395
2234 1 0.98524
2252 1 0.987085
2576 1 0.98893
3321 1 0.990775
3673 1 0.99262
3848 1 0.994465
4261 1 0.99631
4490 1 0.998155
4671 1 1
