30 -23.62000 -46.65000
83 50.12000 8.68000
160 52.30000 4.77000
62 51.48000 -0.45000
572 52.30000 4.77000
415 -22.90000 -43.17000
96 22.33000 114.18000
345 47.61000 -122.33000
1240 50.40000 30.45000
1270 55.75000 37.60000
129 35.55000 139.78000
130 35.55000 139.78000
227 59.33000 18.05000
464 1.37000 103.98000
55 50.08000 14.43000
1306 -26.13000 28.23000
1124 48.80000 2.33000
39 43.67000 -79.40000
118 45.45000 9.17000
255 39.02000 -77.46000
509 52.23000 21.00000
125 34.53000 135.50000
320 40.75000 -74.00000
1265 44.98550 -93.27190
126 34.53000 135.50000
1089 -3.78000 -38.53000
15 48.20000 16.37000
116 53.33000 -6.25000
17 50.90000 4.53000
249 50.40000 30.45000
64 51.48000 -0.45000
80 52.38000 13.52000
213 40.43000 -3.70000
1272 1.37000 103.98000
147 37.50000 126.93000
1137 42.65000 23.38000
234 47.48000 8.53000
81 52.38000 13.52000
307 25.83000 -80.29000
803 51.95000 4.45000
601 3.13000 101.70000
238 25.03000 121.52000
1092 -30.00000 -51.18000
917 52.42000 16.83000
1308 -33.98000 18.60000
804 44.50000 26.13000
99 47.43000 19.18000
1234 49.62000 6.22000
616 6.55000 3.35000
332 45.52000 -122.68000
204 48.20000 17.20000
1341 25.25000 55.33000
1269 59.93000 30.30000
121 45.22000 7.65000
29 -23.62000 -46.65000
613 50.08000 14.43000
120 41.90000 12.45000
186 38.73000 -9.15000
627 59.33000 18.05000
237 25.03000 121.52000
8 -37.82000 144.97000
117 32.00000 34.90000
630 39.10000 -94.58000
1149 40.75000 -74.00000
174 59.95000 10.70000
94 37.90000 23.70000
894 35.55000 139.78000
1350 44.82958 20.46547
574 48.20000 17.20000
1241 44.95210 34.10240
195 59.93000 30.30000
88 53.55000 10.03000
49 4.70000 -74.13000
1194 42.65000 23.38000
516 56.17000 92.50000
211 41.28000 2.07000
51 45.82000 16.03000
128 34.53000 135.50000
209 -26.13000 28.23000
539 14.58000 120.95000
145 37.50000 126.93000
373 33.97000 -118.25000
20 -15.78000 -47.93000
58 -0.15000 -78.48000
1332 53.35000 -2.27000
9 -31.93000 115.95000
205 46.22000 14.48000
54 49.15000 16.70000
1271 48.13000 11.70000
16 23.77000 90.38000
189 44.50000 26.13000
71 45.72000 4.95000
56 55.67000 12.57000
1319 22.33000 114.18000
190 56.80000 60.63000
325 37.44000 -122.15000
369 37.78000 -122.43000
1128 45.40000 11.85000
1018 -13.02000 -38.52000
69 60.17000 25.00000
1088 -23.33000 -51.13000
1199 -22.90000 -47.08000
192 55.03000 82.90000
57 -2.15000 -79.88000
100 64.12000 -21.90000
988 12.12240 -68.88240
181 -12.00000 -77.12000
1275 -7.22000 -35.88000
362 21.03000 105.85000
907 -6.17444 106.82944
1077 42.37000 -71.03000
134 35.55000 139.78000
82 51.28000 6.76000
143 -1.32000 36.82000
89 48.13000 11.70000
206 -33.98000 18.60000
19 -19.63000 -43.97000
1362 -29.97000 30.95000
1233 45.45000 9.17000
1200 -8.07000 -34.85000
479 -4.38000 15.43000
22 -27.58000 -48.57000
193 53.25000 50.45000
228 59.33000 18.05000
248 0.32000 32.62000
92 49.50000 11.08000
164 -37.02000 174.80000
1263 -6.17444 106.82944
231 46.25000 6.13000
297 33.97000 -118.25000
2 -34.57000 -58.42000
1236 56.97000 24.05000
242 -6.87000 39.20000
222 57.67000 12.30000
1276 -16.67000 -49.25000
159 27.70000 85.37000
103 19.00000 72.80000
66 51.48000 -0.45000
350 38.58000 -90.20000
918 52.23000 21.00000
928 41.85000 -87.65000
884 27.95000 -82.45000
78 48.80000 2.33000
93 5.60000 -0.17000
236 47.48000 8.53000
1232 53.80000 -1.55000
1046 47.25000 39.82000
59 30.13000 31.40000
705 48.83000 9.20000
105 13.07000 80.20000
110 -6.17444 106.82944
1134 54.32000 48.33000
508 53.22000 5.57000
556 50.12000 8.68000
982 18.57000 -72.30000
946 33.45070 -112.06840
765 -1.97000 30.12000
1198 -38.93330 -68.13330
43 39.93000 116.28000
244 13.92000 100.60000
932 -8.85000 13.23000
1297 12.05363 -61.74995
506 43.80000 11.20000
229 62.38000 17.30000
987 18.02600 -63.04582
897 48.08000 37.75000
70 61.42000 23.58000
104 28.58000 77.20000
1223 55.81749 49.10889
559 59.35000 24.80000
1008 -35.30000 149.17999
367 -24.67000 25.92000
1267 13.47511 144.74844
239 25.03000 121.52000
230 63.80000 20.28000
1316 49.88330 -97.15000
171 -41.33000 174.80000
1044 43.12000 131.89999
68 59.35000 24.80000
712 50.40000 6.00000
1206 32.77000 -96.77000
363 10.75000 106.67000
1225 46.65000 14.33000
156 -20.24435 57.49175
12 -33.95000 151.17999
547 -15.41639 28.28428
606 -3.33000 36.62000
1367 -17.75000 168.32000
1364 15.30000 -61.40000
693 33.82000 35.48000
162 52.22000 6.90000
52 23.05105 -82.61291
879 55.57000 13.07000
14 47.07030 15.43890
176 8.97000 -79.53000
933 46.43000 30.77000
6 -37.82000 144.97000
1312 15.60214 32.58693
158 -25.92000 32.57000
53 35.17000 33.37000
1029 -15.78333 35.00000
106 22.57000 88.40000
225 65.58000 22.15000
1021 17.45000 78.47000
1020 12.95000 77.65000
1283 17.95000 102.57000
1022 23.07000 72.63000
593 30.13000 31.40000
163 53.13000 6.58000
1348 42.37000 -71.03000
323 40.75000 -74.00000
144 37.50000 126.93000
1097 48.80000 2.33000
191 55.75000 37.60000
723 50.08000 19.80000
268 41.85000 -87.65000
135 35.55000 139.78000
137 35.55000 139.78000
467 33.97000 -118.25000
725 51.11670 17.03330
278 32.77000 -96.77000
317 40.75000 -74.00000
1052 53.55000 10.03000
142 35.55000 139.78000
339 37.33000 -121.88000
402 -33.95000 151.17999
767 59.95000 10.70000
272 41.85000 -87.65000
13 -27.38000 153.10001
168 -40.32000 175.60001
926 54.63000 25.28000
357 38.89362 -77.22228
266 42.37000 -71.03000
388 -42.83000 147.48000
315 40.72000 -74.17000
834 22.33000 114.18000
587 40.75000 -74.00000
400 -35.30000 149.17999
139 35.12000 136.93000
347 40.79000 -74.06000
344 47.61000 -122.33000
337 37.78000 -122.43000
330 40.45000 -79.95000
909 35.08000 -106.65000
308 25.83000 -80.29000
1108 53.28000 -9.02000
361 16.06670 108.23330
1264 -37.76692 175.28687
219 6.90000 79.87000
215 40.43000 -3.70000
864 57.67000 12.30000
984 18.43000 -69.88000
985 4.70000 -74.13000
321 40.75000 -74.00000
978 46.63000 32.57000
592 21.30000 -157.83000
387 -34.93000 138.52000
1230 43.60530 1.44280
629 48.80000 2.33000
389 -37.82000 144.97000
202 1.37000 103.98000
259 33.86000 -84.40000
138 34.53000 135.50000
41 -33.38000 -70.78000
336 32.72000 -117.16000
1238 51.75920 19.45600
303 43.12000 -89.52000
287 21.30000 -157.83000
1132 46.03000 13.18000
703 45.77000 -108.48000
1373 45.19000 5.72000
111 -6.17444 106.82944
165 -43.48000 172.55000
1365 59.35000 24.80000
354 29.75000 -95.35000
1317 30.33218 -81.65565
141 33.58000 130.38000
1 -34.57000 -58.42000
3 -34.93000 138.52000
4 -27.38000 153.10001
5 -37.82000 144.97000
7 -37.82000 144.97000
10 -33.95000 151.17999
11 -33.95000 151.17999
18 50.90000 4.53000
21 -25.25210 -52.02150
23 -30.00000 -51.18000
24 -22.90000 -43.17000
25 -23.62000 -46.65000
26 -23.62000 -46.65000
27 -23.62000 -46.65000
28 -23.62000 -46.65000
31 -23.62000 -46.65000
32 42.65000 23.38000
33 42.65000 23.38000
34 11.55000 104.85000
35 53.54440 -113.49090
36 45.47000 -73.75000
37 45.40000 -75.72000
38 43.67000 -79.40000
40 49.18000 -123.17000
44 39.93000 116.28000
45 23.13915 113.24146
46 31.40000 121.47000
47 31.40000 121.47000
48 31.40000 121.47000
60 30.13000 31.40000
61 51.48000 -0.45000
63 51.48000 -0.45000
65 51.48000 -0.45000
67 53.35000 -2.27000
72 48.80000 2.33000
73 48.80000 2.33000
74 48.80000 2.33000
75 48.80000 2.33000
76 48.80000 2.33000
77 48.80000 2.33000
79 48.80000 2.33000
84 50.12000 8.68000
85 50.12000 8.68000
86 53.55000 10.03000
87 53.55000 10.03000
90 48.13000 11.70000
91 51.95000 7.48401
95 22.33000 114.18000
97 22.33000 114.18000
98 22.33000 114.18000
101 19.00000 72.80000
102 28.58000 77.20000
107 -8.31478 115.21912
108 -6.90344 107.57312
109 -6.17444 106.82944
112 -6.17444 106.82944
115 -7.24917 112.75083
119 41.90000 12.45000
122 35.02000 135.73000
123 35.12000 136.93000
124 35.55000 139.78000
127 34.53000 135.50000
132 35.55000 139.78000
133 35.55000 139.78000
136 35.55000 139.78000
140 38.13000 140.93000
146 37.50000 126.93000
148 37.50000 126.93000
149 37.50000 126.93000
150 37.50000 126.93000
151 56.97000 24.05000
152 49.62000 6.22000
153 3.13000 101.70000
154 3.13000 101.70000
155 35.89000 14.48000
157 47.90882 106.86346
161 52.30000 4.77000
166 -45.92000 170.17999
167 -46.40224 168.35500
169 -40.62142 172.67887
170 -41.11579 174.95364
172 12.15000 -86.17000
173 7.43000 3.90000
175 24.90000 67.13000
177 8.97000 -79.53000
179 -25.24000 -57.52000
180 -12.00000 -77.12000
182 14.58000 120.95000
183 14.58000 120.95000
184 14.58000 120.95000
185 52.23000 21.00000
187 41.16210 -8.62200
188 44.50000 26.13000
194 59.93000 30.30000
196 24.72000 46.72000
197 24.72000 46.72000
198 55.92000 -3.17000
199 55.92000 -3.17000
200 1.37000 103.98000
201 1.37000 103.98000
203 1.37000 103.98000
207 -33.98000 18.60000
208 -33.28000 26.50000
210 -26.13000 28.23000
212 43.30000 -2.93000
214 40.43000 -3.70000
216 40.43000 -3.70000
217 42.90000 -8.43000
218 6.90000 79.87000
220 -26.31667 31.13333
223 58.41686 15.60234
224 65.58000 22.15000
226 55.57000 13.07000
232 47.48000 8.53000
233 47.48000 8.53000
235 47.48000 8.53000
240 25.03000 121.52000
241 25.03000 121.52000
243 -42.83000 147.48000
245 13.92000 100.60000
246 13.92000 100.60000
247 40.97000 28.82000
250 50.40000 30.45000
251 24.43000 54.65000
252 24.43000 54.65000
253 35.08000 -106.65000
254 61.21575 -149.86894
256 33.86000 -84.40000
257 33.86000 -84.40000
258 33.86000 -84.40000
260 30.27000 -97.74000
261 30.27000 -97.74000
262 39.30000 -76.62000
263 44.05640 -121.30810
264 37.87000 -122.27000
265 42.37000 -71.03000
267 41.85000 -87.65000
269 41.85000 -87.65000
270 41.85000 -87.65000
271 41.85000 -87.65000
273 44.55000 -73.18000
274 40.00000 -83.02000
275 40.00000 -83.02000
276 40.00000 -83.02000
277 32.77000 -96.77000
279 32.77000 -96.77000
280 32.77000 -96.77000
281 32.77000 -96.77000
282 32.77000 -96.77000
283 39.75000 -105.00000
284 39.75000 -105.00000
285 39.75000 -105.00000
286 44.05000 -123.08000
288 29.75000 -95.35000
289 29.75000 -95.35000
290 29.75000 -95.35000
291 29.75000 -95.35000
292 29.75000 -95.35000
293 39.77511 -86.10947
294 33.97000 -118.25000
295 33.97000 -118.25000
296 33.97000 -118.25000
298 33.97000 -118.25000
299 33.97000 -118.25000
300 33.97000 -118.25000
301 33.97000 -118.25000
302 38.20451 -85.70698
304 33.99000 -118.46000
305 25.83000 -80.29000
306 25.83000 -80.29000
309 44.98550 -93.27190
310 37.41000 -122.05000
311 37.41000 -122.05000
312 37.41000 -122.05000
313 36.17000 -86.78000
314 36.17000 -86.78000
316 40.75000 -74.00000
318 40.75000 -74.00000
319 40.75000 -74.00000
322 40.75000 -74.00000
326 39.95620 -75.05800
327 40.11691 -75.01428
328 40.11691 -75.01428
329 33.45070 -112.06840
331 40.45000 -79.95000
333 40.77000 -111.90000
334 29.47335 -98.53556
335 32.72000 -117.16000
338 37.78000 -122.43000
340 37.33000 -121.88000
341 37.35000 -121.95000
342 47.61000 -122.33000
343 47.61000 -122.33000
346 47.61000 -122.33000
348 47.67276 -117.55223
349 38.58000 -90.20000
351 38.58000 -90.20000
352 38.58000 -90.20000
353 38.98000 -77.00222
355 32.21609 -110.97099
356 32.21609 -110.97099
358 38.90857 -77.01798
359 38.90857 -77.01798
360 38.90857 -77.01798
364 -17.83000 31.02000
491 27.95000 -82.45000
504 43.45000 5.23000
513 47.66350 26.27320
531 51.48000 -0.45000
532 51.48000 -0.45000
534 55.30000 61.53000
545 -8.85000 13.23000
546 -3.36138 29.35988
550 51.48000 -0.45000
564 53.35000 -2.27000
573 60.72000 17.17000
583 18.47000 -66.11000
586 39.77000 -84.20000
589 32.96000 -96.74000
597 45.52000 -122.68000
599 52.07050 4.30070
612 49.15000 16.70000
621 13.69000 -89.19000
623 46.58000 -112.03000
624 46.86000 -114.04000
625 33.45070 -112.06840
626 51.48000 -0.45000
628 48.80000 2.33000
655 29.75000 -95.35000
656 40.00000 140.00000
657 37.87000 -122.27000
699 5.25000 -3.93000
704 53.35000 -2.27000
716 53.55000 10.03000
717 50.12000 8.68000
718 49.87490 8.51474
739 23.77000 90.38000
748 -37.82000 144.97000
805 59.93000 30.30000
807 -28.80732 153.28318
838 48.80000 2.33000
880 50.23000 19.03000
881 51.34170 12.25355
885 40.75000 -74.00000
890 55.92000 -3.17000
892 25.03000 121.52000
898 37.33000 -121.88000
923 43.21688 76.66398
925 41.85000 -87.65000
971 39.93000 116.28000
972 -6.17444 106.82944
973 45.43333 4.40000
974 43.67000 -79.40000
975 49.18000 -123.17000
979 47.85614 35.03527
1006 -17.78337 -63.18226
1023 30.69832 76.66236
1024 26.84862 80.80243
1064 24.72000 46.72000
1065 26.27000 50.65000
1105 51.85000 -8.48000
1110 -23.62000 -46.65000
1117 26.27000 50.65000
1135 54.32000 48.33000
1144 42.33190 -122.86190
1187 40.97000 28.82000
1195 45.47000 -73.75000
1207 -4.05000 39.66670
1231 45.43470 4.39030
1237 46.99985 28.78814
1239 57.72100 12.93980
1261 55.67000 12.57000
1274 -22.75583 -47.26861
1285 24.90000 67.13000
1288 33.45070 -112.06840
1299 18.41667 -64.61667
1303 -29.32630 27.50110
1375 44.93330 4.89170
1383 51.53330 46.03330
1931 -33.38000 -70.78000
2023 52.23000 21.00000
1588 50.40000 30.45000
2211 25.83000 -80.29000
1902 35.71028 51.42357
1550 -6.17444 106.82944
1989 56.49969 84.99420
2022 50.23000 19.03000
1875 33.86000 -84.40000
1758 50.08000 14.43000
1842 19.00000 72.80000
1636 52.23000 21.00000
1778 40.75000 -74.00000
1623 42.65000 23.38000
1936 40.43000 -3.70000
2004 19.00000 72.80000
1975 28.58000 77.20000
1585 -33.95000 151.17999
1616 45.47000 -73.75000
1832 -25.52000 -49.17000
1845 25.83000 -80.29000
1905 42.34453 -83.05988
1781 55.67000 12.57000
1916 -33.95000 151.17999
1880 -37.02000 174.80000
1935 32.77000 -96.77000
1656 43.45000 5.23000
1919 51.28000 6.76000
1860 54.73880 55.97210
1847 41.85000 -87.65000
1895 40.97000 28.82000
1474 36.81881 10.16596
2233 37.50000 126.93000
1894 43.45000 5.23000
1472 -27.38000 153.10001
1990 52.38000 13.52000
2012 54.63000 25.28000
1900 41.25240 -95.99800
1913 39.93000 116.28000
1867 45.03930 38.98720
2180 42.87679 74.45178
1838 6.36183 2.39768
2127 -12.00000 -77.12000
1901 39.75000 -105.00000
1883 41.85000 -87.65000
1948 19.00000 72.80000
1461 51.05440 -114.06690
2010 13.07000 80.20000
1576 54.63000 25.28000
1808 -29.45960 -51.96490
1879 -37.02000 174.80000
1958 -37.82000 144.97000
1887 0.41620 9.46730
1915 1.37000 103.98000
1891 39.77511 -86.10947
1484 33.45070 -112.06840
2061 14.58000 120.95000
1866 13.92000 100.60000
2172 33.86000 -84.40000
1385 44.50000 26.13000
1841 37.78000 -122.43000
1951 39.40797 -0.50160
1473 -34.93000 138.52000
1906 11.55000 104.85000
1499 40.13000 44.47000
1806 9.93504 -84.08300
2028 24.72000 46.72000
1516 60.21000 24.66000
1443 -5.76670 -35.20000
1986 55.67000 12.57000
1956 39.02000 -77.46000
2000 52.30000 4.77000
1678 38.95669 -77.34210
2062 38.73000 -9.15000
2020 16.90377 96.02942
1848 -8.85000 13.23000
1974 56.17000 92.50000
1957 -27.38000 153.10001
2150 41.54119 -90.65902
1840 -29.97000 30.95000
2133 38.58000 -90.20000
2171 51.14761 71.19920
2083 29.22000 47.98000
2005 32.77000 -96.77000
1978 42.65000 23.38000
1959 -31.93000 115.95000
1863 54.98850 73.32420
2138 -9.59309 -35.82677
1802 49.18000 -123.17000
1540 49.88330 -97.15000
2011 17.45000 78.47000
2137 -7.14643 -34.95164
1861 55.03000 82.90000
1864 59.93000 30.30000
1932 33.97000 -118.25000
1856 51.51610 7.46830
1833 -23.42100 -51.93310
2067 51.85000 -8.48000
1985 42.87679 74.45178
1929 11.82510 42.59030
2207 27.66440 85.31879
1946 -25.24000 -57.52000
1962 29.59177 52.58370
2155 57.67000 12.30000
1839 12.37140 -1.51970
1440 -1.46670 -48.48330
2139 -29.71992 -53.84453
1994 40.45000 -79.95000
2075 -4.05000 39.66670
1996 -25.45296 -54.73734
1961 38.05774 46.31062
1506 59.95000 10.70000
2052 22.57000 88.40000
1446 -20.31890 -40.33780
2029 10.26570 -61.38167
1890 38.18000 13.10000
2146 43.19400 27.89757
2141 -5.18570 -43.06438
2024 -38.72908 -72.63774
2047 37.56283 -122.00044
2076 -25.49297 -54.81113
1927 45.52000 -122.68000
1816 43.03890 -87.90650
2065 40.62125 22.91101
2001 -36.83330 -73.05000
2081 49.18000 -123.17000
1854 50.62920 3.05730
1445 -20.80810 -49.38110
1409 -32.95000 -60.65000
1442 -3.12920 -60.02140
1408 -32.89050 -68.84200
1884 9.25000 7.00000
2069 50.12000 8.68000
2056 18.47000 -66.11000
1508 63.47000 10.93000
2008 47.61000 -122.33000
1966 52.14246 -106.62720
1859 47.20950 9.52200
1705 34.55395 68.91754
1511 58.97000 5.71000
1995 -10.94406 -37.07077
1701 55.92000 -3.17000
2157 44.50000 26.13000
1947 22.57000 88.40000
1789 -16.50000 -68.15000
1954 27.48000 89.59000
1407 -37.93000 -57.58000
1972 -2.15000 -79.88000
2140 -2.56046 -44.32816
1515 65.05000 25.46670
1899 14.64886 -61.13883
1403 -38.71440 -62.26740
1807 -15.60140 -56.09790
1855 53.07930 8.80170
2125 -26.85625 -49.23919
1441 -29.16670 -51.18330
1820 -27.36708 -55.89608
2143 60.72000 17.17000
2234 63.80000 20.28000
1507 60.38000 5.34000
1444 -23.18270 -45.88300
1811 13.43637 -16.66660
2009 43.67000 -79.40000
1546 -6.17444 106.82944
1803 10.64688 -61.46287
1813 51.48158 -3.17909
1801 5.25000 -3.93000
2021 45.78706 3.07771
1988 57.65238 39.72444
1960 -3.32664 -79.84297
1868 49.42300 26.98710
1997 41.32750 19.81870
1384 45.05000 41.96670
2165 -8.67251 115.15423
1521 48.71670 21.25000
2153 -25.13869 -50.22905
2019 12.61255 -8.13560
1993 -17.83000 31.02000
2006 22.33000 114.18000
2123 41.99920 21.28481
1404 -31.40360 -64.18580
2066 50.43330 80.26670
1964 33.82000 35.48000
1693 44.67000 -63.61000
1928 14.73000 -17.50000
1410 -31.62710 -60.70360
1924 -4.05000 39.66670
1878 39.46926 -119.76983
2154 62.38000 17.30000
1406 -34.92920 -57.96000
1973 6.17000 1.25000
2046 26.14329 91.56280
1784 -22.56429 17.08514
1918 17.51587 -88.20404
1885 4.82416 6.96351
1783 31.90380 35.20340
1512 69.66670 18.93330
1881 -18.87795 47.50888
1912 -2.52600 32.90000
2036 -6.09990 39.10081
1933 41.68000 44.95000
1992 -3.36138 29.35988
1897 6.31617 -10.80272
1862 48.50270 135.06630
1530 -16.50000 -68.15000
2055 4.03590 9.67176
1952 3.87350 11.51642
1541 -4.26780 15.29190
2072 2.02051 45.30546
1976 55.75000 37.60000
2058 55.75000 37.60000
2197 51.28000 6.76000
1663 50.12000 8.68000
2015 51.48000 -0.45000
2014 50.12000 8.68000
1835 1.37000 103.98000
1987 55.75000 37.60000
2224 44.95210 34.10240
1709 41.26670 69.21670
1980 55.75000 37.60000
1720 39.75000 -105.00000
2227 52.07174 4.23983
1549 -7.24917 112.75083
2057 59.93000 30.30000
2201 22.33000 114.18000
2173 39.30000 -76.62000
2126 47.48000 8.53000
1795 44.05640 -121.30810
1814 17.93000 -76.78000
1909 -11.67533 27.43215
1911 -6.20600 35.79500
2230 -7.79558 110.36949
2170 39.02000 -77.46000
2025 -18.47239 -70.32417
2037 16.57197 80.34896
2038 40.11691 -75.01428
1970 -51.62643 -69.34179
2210 -37.82000 144.97000
1721 25.83000 -80.29000
2183 35.19428 -80.82665
2168 52.30000 4.77000
2184 21.30000 -157.83000
2185 32.77000 -96.77000
2186 29.75000 -95.35000
2064 13.07000 80.20000
2187 37.54070 -77.43600
1889 50.82250 -0.13720
2034 40.43000 -3.70000
1944 -34.57000 -58.42000
1680 42.33190 -122.86190
1870 33.97000 -118.25000
2079 47.48000 8.53000
2134 47.48000 8.53000
2205 49.00689 8.40365
1857 37.92000 139.05000
2054 13.46400 144.79733
2119 46.48929 11.31214
1719 42.37000 -71.03000
1965 46.11323 -64.87064
2226 41.26670 69.21670
1998 42.37000 19.25000
2149 -34.93000 138.52000
1898 -9.51360 147.21880
1587 47.90882 106.86346
2135 28.54151 -81.37414
1782 14.02000 -61.00000
2192 -43.48000 172.55000
2188 38.58543 -121.49255
1812 53.88401 27.45489
2032 52.30000 4.77000
1850 -33.95000 151.17999
2145 12.12038 14.98742
1871 32.97560 -96.89000
2231 -27.38000 153.10001
2048 -37.82000 144.97000
1925 -29.32630 27.50110
1945 -34.57000 -58.42000
2026 -40.57370 -73.16915
2189 35.99463 -115.11897
1876 46.78670 -92.10050
2031 39.30000 -76.62000
2225 -33.95000 151.17999
2204 -6.17444 106.82944
1940 -27.02088 -66.44136
2229 48.20000 16.37000
1930 -8.55690 125.56030
2147 -42.83000 147.48000
2148 -12.42572 130.86327
2218 -31.93000 115.95000
2027 56.97000 24.05000
2159 22.82518 91.08219
2160 44.50000 26.13000
2131 41.28000 2.07000
2002 26.17580 -98.23860
1805 36.13440 10.37935
1555 41.85000 -87.65000
2068 6.55000 3.35000
1917 33.57245 -7.65744
2156 52.71164 6.12895
2070 9.63454 -13.71942
1937 -33.90361 -68.37764
2045 28.58000 77.20000
1852 43.67000 -79.40000
2158 -8.67251 115.15423
2016 59.33000 18.05000
1526 11.55000 104.85000
2152 0.83784 103.77291
2017 53.35000 -2.27000
2217 -31.93000 115.95000
1942 -34.49344 -58.98695
2033 38.73000 -9.15000
1977 25.14363 56.29187
2219 11.55000 104.85000
1914 51.25620 7.15080
1941 -34.59915 -58.54120
1907 32.34401 -86.38612
1896 47.80000 13.00000
2043 54.63000 25.28000
1836 22.33000 114.18000
2144 40.00000 -83.02000
1724 37.33000 -121.88000
1667 51.28000 6.76000
1670 50.12000 8.68000
1723 38.95669 -77.34210
2216 34.53000 135.50000
1892 42.65000 23.38000
1874 37.09650 -113.56840
1658 48.80000 2.33000
1872 40.77000 -111.90000
1926 39.93000 116.28000
1979 47.26286 11.40090
1943 -24.20532 -65.37560
1819 -27.46064 -59.06539
2050 1.54485 103.63959
1968 -37.31952 -59.17772
1882 53.54440 -113.49090
1939 -33.89357 -60.60045
1938 -34.59076 -60.99045
1553 42.88640 -78.87860
1903 14.07230 -87.19210
1822 -41.13350 -71.31030
1967 -40.82502 -63.03516
1722 40.75000 -74.00000
2166 -6.90344 107.57312
1873 33.86000 -84.40000
1844 19.41894 -99.13408
2117 51.95000 7.48401
2228 35.55000 139.78000
1934 53.42003 -3.05093
1971 -31.53177 -68.56770
1869 41.14000 -104.82020
2114 44.92196 25.41101
1893 37.54070 -77.43600
2059 59.35000 24.80000
1949 -33.38000 -70.78000
1815 47.21840 -1.55360
1969 -24.79607 -65.50067
2176 1.37000 103.98000
1823 -42.76940 -65.03170
2104 50.90000 4.53000
2200 60.17000 25.00000
2174 13.92000 100.60000
2018 45.45000 9.17000
1790 -20.89070 55.45510
2003 19.00000 72.80000
2013 53.33000 -6.25000
2073 33.66911 72.91477
1792 4.92240 -52.31350
2042 46.52839 6.51241
2194 23.77000 90.38000
1548 -6.17444 106.82944
1554 43.67000 -79.40000
1574 -4.76920 11.86640
1611 53.25810 -2.12740
1645 52.23000 21.00000
1669 51.05440 -114.06690
1672 48.42840 -123.36560
1683 -12.00000 -77.12000
1702 42.66670 21.16670
1707 38.56967 68.77498
1708 36.72273 3.06988
1710 40.45113 49.86832
1804 -26.31667 31.13333
1809 -22.00870 -47.89090
1810 40.75000 -74.00000
1817 -34.57000 -58.42000
1818 -27.48429 -58.78247
1821 -31.73301 -60.52991
1824 13.92000 100.60000
1825 13.92000 100.60000
1826 13.92000 100.60000
1827 13.92000 100.60000
1828 13.92000 100.60000
1829 13.92000 100.60000
1830 13.92000 100.60000
1831 13.92000 100.60000
1834 26.21240 127.68090
1837 43.71020 7.26200
1843 -4.61764 55.44766
1846 40.11691 -75.01428
1849 41.32750 19.81870
1851 -35.30000 149.17999
1853 55.67000 12.57000
1858 35.55000 139.78000
1865 41.28000 2.07000
1877 48.80000 2.33000
1886 11.99788 8.47086
1888 18.08421 -15.96436
1904 18.08421 -15.96436
1910 -1.65868 29.17309
1920 25.25000 51.57000
1921 13.48243 2.17493
1950 47.56512 -52.70798
1953 18.47000 -66.11000
1955 34.05000 -6.77000
1963 36.31070 59.59946
1981 14.68395 120.99216
1982 47.48000 8.53000
1983 23.13915 113.24146
1984 31.40000 121.47000
1991 57.65238 39.72444
1999 42.87679 74.45178
2007 35.99463 -115.11897
2030 45.40000 -75.72000
2035 13.16023 -61.22458
2039 22.72423 75.72376
2040 9.98268 76.16085
2041 43.89364 18.24291
2044 16.32372 80.36448
2049 46.26206 -63.20593
2051 41.49307 -81.66832
2053 45.11043 -66.32203
2060 4.70000 -74.13000
2063 47.55701 8.85678
2071 63.73886 -68.65731
2074 31.52000 74.40000
2078 51.48000 -0.45000
2080 37.56283 -122.00044
2082 29.22000 47.98000
2084 45.90251 6.05638
2085 47.90882 106.86346
2115 60.69980 -135.36475
2116 62.47495 -114.54908
2118 40.97000 28.82000
2120 17.28000 -62.73000
2121 21.67000 39.15000
2122 25.25000 51.57000
2124 33.42000 36.52000
2128 13.07000 80.20000
2129 28.58000 77.20000
2130 22.57000 88.40000
2132 26.27000 50.65000
2136 -34.93000 138.52000
2151 37.50000 126.93000
2162 49.18000 -123.17000
2169 39.02000 -77.46000
2178 39.93000 116.28000
2179 33.82000 35.48000
2181 53.07930 8.80170
2190 41.85000 -87.65000
2193 2.92650 101.65727
2195 23.77000 90.38000
2198 23.13915 113.24146
2199 23.13915 113.24146
2202 29.75000 -95.35000
2206 50.40000 30.45000
2212 55.75000 37.60000
2222 29.47335 -98.53556
2223 31.40000 121.47000
2236 13.07000 -59.48000
