0 1026 100
1 1022 99.6101
2 1008 98.2456
3 1002 97.6608
4 992 96.6862
5 979 95.4191
6 974 94.9318
7 951 92.6901
8 945 92.1053
9 935 91.1306
10 929 90.5458
11 925 90.1559
12 918 89.4737
13 906 88.3041
14 881 85.8674
15 871 84.8928
16 865 84.308
17 858 83.6257
18 848 82.6511
19 837 81.5789
20 829 80.7992
21 825 80.4094
22 820 79.922
23 799 77.8752
24 778 75.8285
25 767 74.7563
26 742 72.3197
27 729 71.0526
28 714 69.5906
29 707 68.9084
30 686 66.8616
31 677 65.9844
32 662 64.5224
33 642 62.5731
34 593 57.7973
35 571 55.653
36 544 53.0214
37 537 52.3392
38 491 47.8558
39 467 45.5166
40 442 43.0799
41 395 38.499
42 364 35.4776
43 338 32.9435
44 317 30.8967
45 299 29.1423
46 274 26.7057
47 259 25.2437
48 229 22.3197
49 202 19.6881
50 187 18.2261
51 160 15.5945
52 128 12.4756
53 107 10.4288
54 83 8.08967
55 75 7.30994
56 53 5.16569
57 46 4.48343
58 40 3.89864
59 38 3.7037
60 21 2.04678
61 14 1.36452
62 12 1.16959
63 9 0.877193
64 5 0.487329
65 4 0.389864
66 1 0.0974659
67 1 0.0974659
68 1 0.0974659
69 1 0.0974659
70 0 0
71 0 0
72 0 0
73 0 0
74 0 0
75 0 0
76 0 0
77 0 0
78 0 0
79 0 0
80 0 0
81 0 0
82 0 0
83 0 0
84 0 0
85 0 0
86 0 0
87 0 0
88 0 0
89 0 0
90 0 0
