90 0 0
89 0 0
88 0 0
87 0 0
86 0 0
85 0 0
84 0 0
83 0 0
82 0 0
81 60 7.52876e-09
80 618 7.75462e-08
79 1811 2.27243e-07
78 3255 4.08435e-07
77 4922 6.17609e-07
76 6908 8.66811e-07
75 11356 1.42494e-06
74 16146 2.02599e-06
73 25396 3.18667e-06
72 51880 6.50986e-06
71 98172 1.23185e-05
70 206543 2.59169e-05
69 729381 9.15222e-05
68 1317489 0.000165318
67 1782647 0.000223685
66 2217755 0.000278282
65 2979804 0.000373904
64 4796267 0.000601832
63 6658763 0.000835537
62 8983318 0.00112722
61 12405045 0.00155658
60 19714636 0.00247378
59 33242824 0.00417128
58 39038821 0.00489856
57 49643466 0.00622923
56 70136022 0.00880062
55 112193311 0.0140779
54 139419618 0.0174943
53 189060887 0.0237232
52 243848545 0.0305979
51 319154150 0.0400472
50 381690930 0.0478943
49 430591954 0.0540304
48 495208756 0.0621384
47 552986593 0.0693883
46 599599629 0.0752373
45 675740853 0.0847915
44 747965469 0.0938542
43 832522505 0.104464
42 903164214 0.113328
41 1026739312 0.128834
40 1175924411 0.147554
39 1316989349 0.165255
38 1437771505 0.180411
37 1594083037 0.200024
36 1783397560 0.223779
35 2026490563 0.254283
34 2262820608 0.283937
33 2446726372 0.307013
32 2623330748 0.329174
31 2857545924 0.358563
30 3107588884 0.389938
29 3286190214 0.412349
28 3488269932 0.437706
27 3708716832 0.465367
26 4006337608 0.502712
25 4295436951 0.538988
24 4571723422 0.573656
23 4849376847 0.608496
22 5101210276 0.640096
21 5255673011 0.659478
20 5383109300 0.675469
19 5531775016 0.694123
18 5651217644 0.709111
17 5748000577 0.721255
16 5863204121 0.735711
15 5962221376 0.748135
14 6101481691 0.765609
13 6269929265 0.786746
12 6411779802 0.804545
11 6546614734 0.821464
10 6712818150 0.842319
9 6872611435 0.86237
8 7050086432 0.88464
7 7260123591 0.910995
6 7423391193 0.931482
5 7543459523 0.946548
4 7649780528 0.959889
3 7743099461 0.971598
2 7825822878 0.981978
1 7911628101 0.992745
0 7969444533 1
