90 0
89 0
88 0
87 0
86 0
85 0
84 0
83 0
82 0
81 60
80 558
79 1193
78 1444
77 1667
76 1986
75 4448
74 4790
73 9250
72 26484
71 46292
70 108371
69 522838
68 588108
67 465158
66 435108
65 762049
64 1816463
63 1862496
62 2324555
61 3421727
60 7309591
59 13528188
58 5795997
57 10604645
56 20489695
55 41897575
54 27093634
53 49614427
52 54672305
51 75244383
50 62487879
49 48850816
48 64520910
47 57590782
46 46144108
45 75973742
44 71500238
43 83888191
42 69092114
41 122749829
40 148088924
39 137227113
38 114305391
37 152094604
36 185864797
35 216966287
34 212409384
33 176351802
32 167246725
31 227119144
30 235374218
29 170161694
28 188771132
27 198257169
26 270968806
25 277932370
24 236004308
23 245184750
22 237306712
21 136391800
20 108924224
19 132430315
18 99530936
17 74261614
16 88399052
15 80491923
14 121612032
13 142370205
12 118851206
11 118371421
10 142505420
9 100971902
8 85133515
7 95947958
6 119623183
5 76103193
4 55061999
3 48766292
2 32649974
1 40311061
0 57816432
-1 45494162
-2 50073443
-3 44552641
-4 51259006
-5 43965137
-6 43644419
-7 114089201
-8 92341482
-9 58821383
-10 23697996
-11 16463511
-12 22999331
-13 26077369
-14 17648283
-15 18525332
-16 26804492
-17 22521319
-18 19911692
-19 16235401
-20 18512065
-21 18070935
-22 14526717
-23 32468675
-24 40282163
-25 11166973
-26 26651970
-27 22189731
-28 13308586
-29 8439636
-30 14668742
-31 7096032
-32 9357651
-33 7553962
-34 23920661
-35 26126716
-36 3449726
-37 4216928
-38 6476765
-39 3837825
-40 1096175
-41 825269
-42 1549595
-43 668845
-44 724378
-45 167482
-46 468928
-47 187055
-48 95892
-49 50208
-50 48901
-51 61222
-52 115353
-53 26842
-54 132673
-55 159714
-56 2861
-57 0
-58 0
-59 0
-60 0
-61 0
-62 0
-63 0
-64 0
-65 0
-66 0
-67 0
-68 0
-69 0
-70 0
-71 0
-72 0
-73 0
-74 0
-75 0
-76 0
-77 0
-78 0
-79 0
-80 0
-81 0
-82 0
-83 0
-84 0
-85 0
-86 0
-87 0
-88 0
-89 0
-90 0
