2.5 1 0
2.5 1 0.00226757
5 2 0.00680272
11 1 0.00907029
13 2 0.0136054
15 1 0.015873
19 1 0.0181406
20 1 0.0204082
21 3 0.0272109
24 1 0.0294785
25 1 0.031746
32 2 0.0362812
35 1 0.0385488
36 1 0.0408163
40 4 0.0498866
43 1 0.0521542
44 1 0.0544218
46 1 0.0566893
48 1 0.0589569
50 1 0.0612245
52 1 0.0634921
53 1 0.0657596
57 1 0.0680272
59 1 0.0702948
60 2 0.0748299
64 2 0.0793651
67 2 0.0839002
70 1 0.0861678
73 2 0.0907029
75 1 0.0929705
80 1 0.0952381
82 1 0.0975057
83 1 0.0997732
84.4 1 0.102041
85 1 0.104308
93 1 0.106576
94 1 0.108844
95 3 0.115646
97 2 0.120181
97.8 1 0.122449
98 1 0.124717
100 1 0.126984
104 1 0.129252
109 1 0.131519
110 4 0.14059
112 1 0.142857
113 2 0.147392
115 1 0.14966
117 1 0.151927
118 1 0.154195
120 2 0.15873
122 1 0.160998
124 1 0.163265
128 1 0.165533
130 1 0.1678
131 1 0.170068
134 1 0.172336
136 1 0.174603
137 1 0.176871
138 1 0.179138
142 1 0.181406
143 1 0.183673
147 1 0.185941
150 1 0.188209
153 1 0.190476
155 1 0.192744
159 1 0.195011
162 1 0.197279
165 1 0.199546
167 1 0.201814
169 1 0.204082
170 3 0.210884
178 2 0.21542
180 1 0.217687
183 1 0.219955
186 1 0.222222
187 1 0.22449
190 1 0.226757
198 2 0.231293
200 2 0.235828
203 1 0.238095
208 1 0.240363
209 1 0.24263
210 2 0.247166
212 1 0.249433
213 1 0.251701
218 1 0.253968
219 1 0.256236
221 2 0.260771
222 1 0.263039
225 1 0.265306
230 2 0.269841
232 1 0.272109
237 1 0.274376
238 2 0.278912
239 2 0.283447
240 2 0.287982
241 1 0.290249
245 1 0.292517
250 6 0.306122
254 1 0.30839
260 3 0.315193
261 1 0.31746
263 1 0.319728
264 1 0.321995
265 1 0.324263
267 1 0.326531
269 1 0.328798
274 1 0.331066
275 2 0.335601
279 1 0.337868
280.4 1 0.340136
281 1 0.342404
287 1 0.344671
290 3 0.351474
298 1 0.353741
299 1 0.356009
300 3 0.362812
304 1 0.365079
309 1 0.367347
312 1 0.369615
322 1 0.371882
325 1 0.37415
326 1 0.376417
330 1 0.378685
332 1 0.380952
333 1 0.38322
342 1 0.385488
345 1 0.387755
348 1 0.390023
350 1 0.39229
353 1 0.394558
365 1 0.396825
368 1 0.399093
375 1 0.401361
380 1 0.403628
390 1 0.405896
391 1 0.408163
400 4 0.417234
402 1 0.419501
410 1 0.421769
425 2 0.426304
433 1 0.428571
437 1 0.430839
440 1 0.433107
446 1 0.435374
470 1 0.437642
479 1 0.439909
495 1 0.442177
500 1 0.444444
513 1 0.446712
529 1 0.44898
543 1 0.451247
550 1 0.453515
570 2 0.45805
575 1 0.460317
576 1 0.462585
600 1 0.464853
626 1 0.46712
634 1 0.469388
650 1 0.471655
670 1 0.473923
677 1 0.47619
680 1 0.478458
685 1 0.480726
700 2 0.485261
713 1 0.487528
720 1 0.489796
750 1 0.492063
760 1 0.494331
762 1 0.496599
770 1 0.498866
775 1 0.501134
780 1 0.503401
787 1 0.505669
800 2 0.510204
826 1 0.512472
827 1 0.514739
850 2 0.519274
868 1 0.521542
870 1 0.52381
888 1 0.526077
890 1 0.528345
940 1 0.530612
950 1 0.53288
966 1 0.535147
968 1 0.537415
987 1 0.539683
1000 3 0.546485
1004 1 0.548753
1031 1 0.55102
1042 1 0.553288
1055 1 0.555556
1060 1 0.557823
1100 4 0.566893
1120 1 0.569161
1136 1 0.571429
1172 1 0.573696
1176 1 0.575964
1200 3 0.582766
1205 1 0.585034
1249 1 0.587302
1253 1 0.589569
1259 1 0.591837
1287 1 0.594104
1300 6 0.60771
1318 1 0.609977
1330 1 0.612245
1398 1 0.614512
1400 3 0.621315
1448 1 0.623583
1500 1 0.62585
1528 1 0.628118
1600 1 0.630385
1632 1 0.632653
1634 1 0.634921
1639 1 0.637188
1693 1 0.639456
1700 2 0.643991
1730 1 0.646259
1746 1 0.648526
1750 1 0.650794
1751 1 0.653061
1800 3 0.659864
1835 1 0.662132
1855 1 0.664399
1860 1 0.666667
1900 1 0.668934
1930 1 0.671202
1980 1 0.673469
2000 2 0.678005
2009 1 0.680272
2012 1 0.68254
2068 1 0.684807
2100 2 0.689342
2151 1 0.69161
2227 1 0.693878
2288 1 0.696145
2297 1 0.698413
2300 1 0.70068
2304 1 0.702948
2400 2 0.707483
2485 1 0.709751
2500 2 0.714286
2543 1 0.716553
2600 2 0.721088
2700 1 0.723356
2714 1 0.725624
2800 1 0.727891
2817 1 0.730159
2917 1 0.732426
3000 1 0.734694
3156 1 0.736961
3175 1 0.739229
3200 2 0.743764
3229 1 0.746032
3400 1 0.748299
3498 1 0.750567
3500 1 0.752834
3578 1 0.755102
3634 2 0.759637
3693 1 0.761905
3751 1 0.764172
3800 1 0.76644
4031 1 0.768707
4244 1 0.770975
4400 1 0.773243
4600 3 0.780045
4700 1 0.782313
4780 1 0.78458
4805 1 0.786848
4850 1 0.789116
4854 1 0.791383
4900 1 0.793651
5150 1 0.795918
5300 1 0.798186
5457 1 0.800454
5500 1 0.802721
5536 1 0.804989
5800 1 0.807256
6000 1 0.809524
6165 1 0.811791
6200 1 0.814059
6300 1 0.816327
6400 1 0.818594
6605 1 0.820862
6700 1 0.823129
6900 1 0.825397
7000 2 0.829932
7001 1 0.8322
7081 1 0.834467
7200 1 0.836735
7225 1 0.839002
7500 1 0.84127
8000 1 0.843537
8100 1 0.845805
8148 1 0.848073
8373 1 0.85034
8500 1 0.852608
8600 1 0.854875
8790 1 0.857143
8900 1 0.85941
9125 1 0.861678
9200 1 0.863946
9504 1 0.866213
9620 1 0.868481
9800 2 0.873016
9833 1 0.875283
10000 1 0.877551
10300 1 0.879819
10400 2 0.884354
10476 1 0.886621
10500 2 0.891156
10556 1 0.893424
10800 1 0.895692
10860 1 0.897959
11000 2 0.902494
11100 1 0.904762
11629 1 0.907029
12091 1 0.909297
12200 1 0.911565
12700 1 0.913832
12971 1 0.9161
13000 2 0.920635
13500 1 0.922902
13618 1 0.92517
13700 1 0.927438
13780 1 0.929705
14000 1 0.931973
14301 1 0.93424
14350 1 0.936508
14500 2 0.941043
14530 1 0.943311
14557 1 0.945578
15000 3 0.952381
15295 1 0.954649
15393 1 0.956916
17000 2 0.961451
17800 1 0.963719
19000 1 0.965986
20000 4 0.975057
21000 1 0.977324
22300 1 0.979592
22682 1 0.981859
23500 1 0.984127
25000 2 0.988662
28000 1 0.99093
30500 1 0.993197
36500 1 0.995465
37000 1 0.997732
39000 1 1
