-90 0 0
-88 0 0
-86 0 0
-84 0 0
-82 0 0
-80 0 0
-78 0 0
-76 0 0
-74 0 0
-72 0 0
-70 0 0
-68 0 0
-66 0 0
-64 0 0
-62 0 0
-60 0 0
-58 0 0
-56 1 0.0805802
-54 3 0.241741
-52 0 0
-50 0 0
-48 1 0.0805802
-46 1 0.0805802
-44 2 0.16116
-42 10 0.805802
-40 5 0.402901
-38 8 0.644641
-36 1 0.0805802
-34 11 0.886382
-32 2 0.16116
-30 2 0.16116
-28 1 0.0805802
-26 3 0.241741
-24 12 0.966962
-22 17 1.36986
-20 10 0.805802
-18 13 1.04754
-16 12 0.966962
-14 11 0.886382
-12 10 0.805802
-10 38 3.06205
-8 18 1.45044
-6 27 2.17566
-4 27 2.17566
-2 29 2.33683
0 38 3.06205
2 23 1.85334
4 23 1.85334
6 17 1.36986
8 25 2.0145
10 47 3.78727
12 47 3.78727
14 30 2.41741
16 42 3.38437
18 41 3.30379
20 27 2.17566
22 23 1.85334
24 33 2.65915
26 28 2.25624
28 27 2.17566
30 13 1.04754
32 25 2.0145
34 32 2.57857
36 31 2.49799
38 24 1.93392
40 21 1.69218
42 22 1.77276
44 15 1.2087
46 13 1.04754
48 14 1.12812
50 22 1.77276
52 28 2.25624
54 68 5.47945
56 54 4.35133
58 43 3.46495
60 25 2.0145
62 21 1.69218
64 7 0.564061
66 9 0.725222
68 4 0.322321
70 3 0.241741
72 0 0
74 0 0
76 0 0
78 1 0.0805802
80 0 0
82 0 0
84 0 0
86 0 0
88 0 0
90 0 0
