105 21 37.3
105 223 36.8
105 230 475
223 21 16.5
223 111 306
223 184 281
21 29 786
21 184 285
230 110 499
21 258 271
258 184 15.3
184 203 931
184 111 29.0
184 80 175
184 205 72.5
258 111 40.7
205 80 107
80 145 270
80 17 227
80 53 621
80 192 509
145 192 240
192 53 117
53 203 144
142 203 297
201 193 186
201 9 23.0
9 203 12.7
166 212 20.3
166 203 132
166 213 65.3
145 203 495
201 203 30.3
203 155 121
155 95 153
155 213 136
166 155 130
213 206 95.2
213 104 322
213 174 28.3
213 242 19.9
174 215 25.3
215 212 31.6
215 242 36.5
242 212 65.4
203 212 141
206 104 227
95 104 247
95 15 176
104 217 131
104 134 76.6
104 15 216
15 135 180
15 214 219
15 210 265
104 214 24.5
214 134 96.9
134 217 86.4
217 135 153
135 210 96.1
135 171 57.8
135 195 86.8
135 8 42.7
135 216 51.9
171 44 86.6
171 211 140
211 195 159
211 216 144
211 44 56.2
211 179 571
171 8 19.0
211 8 155
195 210 18.6
195 179 515
210 128 362
15 128 459
128 207 677
128 179 486
29 168 490
184 29 694
29 207 546
179 256 182
179 218 683
256 218 502
207 51 709
207 70 833
207 98 457
207 168 61.4
207 100 789
207 193 834
168 100 779
168 51 699
110 24 384
24 45 443
45 51 287
51 100 84.1
51 70 161
70 239 552
70 98 392
70 100 103
70 57 111
70 87 84.3
70 31 47.8
70 137 880
70 249 872
70 131 781
57 4 611
57 7 579
57 239 500
100 87 32.7
100 31 86.6
31 87 53.5
4 218 419
70 4 719
218 77 21.3
4 77 428
256 77 511
77 239 726
239 7 129
7 137 199
7 265 362
137 265 337
265 91 185
265 64 228
182 64 32.4
182 91 75.9
64 113 385
64 91 51.6
64 259 155
64 38 275
64 257 415
64 132 514
64 169 332
91 169 321
91 1 240
91 259 146
91 202 276
91 113 421
1 151 239
77 151 491
259 38 138
259 202 135
38 113 161
202 14 29.7
14 113 266
14 209 128
209 127 253
209 60 231
209 113 318
77 209 887
240 60 301
240 113 41.4
14 240 268
20 18 399
20 113 42.6
113 18 433
113 11 1276
60 113 345
60 106 224
127 144 269
144 106 56.1
169 257 171
169 264 260
257 234 637
70 120 970
257 120 408
264 120 317
249 120 98.5
249 131 270
120 234 404
120 170 292
131 170 95.4
170 63 7.3
63 71 206
71 74 377
71 153 393
71 173 291
153 173 107
153 75 149
153 140 432
173 74 89.1
153 74 30.5
234 115 393
234 52 479
234 231 156
234 54 563
132 147 221
18 160 132
18 11 847
18 116 282
160 154 232
75 101 309
75 140 286
140 152 127
101 152 191
152 52 148
52 115 296
52 72 453
52 231 325
52 227 152
52 119 235
116 11 614
154 177 94.4
154 34 89.0
154 245 391
154 85 87.8
25 225 254
25 11 236
11 49 190
11 156 402
11 139 135
139 117 434
13 220 195
13 58 121
220 46 172
220 117 224
177 34 7.2
177 85 12.5
85 245 307
245 55 406
245 167 298
245 96 245
245 117 267
245 246 445
11 245 426
117 67 143
117 172 227
96 167 61.6
117 96 115
67 146 148
67 172 91.1
67 247 81.4
247 146 76.7
247 172 67.9
270 172 74.1
270 167 157
270 124 23.3
270 149 362
146 262 182
262 28 44.1
262 88 75.2
28 69 8.4
28 172 312
69 183 9.5
183 88 18.3
88 112 17.6
88 149 46.5
112 149 32.6
149 172 380
149 89 255
89 246 204
89 219 124
219 246 98.1
204 55 36.6
204 246 37.7
55 246 36.8
246 167 157
246 172 135
246 124 56.8
172 167 127
245 172 422
103 229 51.1
11 103 234
103 36 233
229 47 119
229 97 84.3
11 229 280
58 47 149
46 84 352
46 268 282
147 156 341
156 32 107
156 49 214
156 136 283
156 225 92.8
156 143 105
143 49 114
36 252 30.0
36 122 36.3
36 118 40.3
36 130 369
122 252 22.0
122 118 37.4
118 252 27.9
97 47 36.8
47 261 642
47 10 675
47 269 127
47 102 125
11 47 394
269 102 33.1
102 190 147
102 73 110
102 65 101
73 190 39.7
190 84 104
190 199 94.6
190 268 208
190 194 274
199 164 207
84 268 149
268 268 1
32 136 197
130 136 127
150 136 25.3
136 115 183
136 54 160
257 115 1025
115 227 240
115 54 181
227 248 250
227 119 118
119 19 43.0
119 99 80.9
19 72 196
227 19 154
19 248 214
99 126 105
126 72 145
19 126 78.4
72 78 233
72 228 24.5
72 253 38.8
72 68 14.7
72 133 31.8
72 248 94.2
72 56 273
68 133 24.0
68 228 21.3
133 253 53.6
133 228 23.8
228 253 31.4
54 66 87.7
66 59 115
66 66 1
59 2 203
59 56 230
59 248 229
248 56 184
248 78 143
78 56 49.1
56 79 166
56 39 305
56 148 39.8
56 2 62.8
148 79 130
2 181 179
2 273 81.3
2 260 70.2
260 273 25.8
273 79 159
273 181 107
65 138 114
65 197 119
197 237 142
138 48 110
50 164 10.1
50 194 168
164 194 150
194 94 93.8
194 261 175
48 237 63.9
48 261 188
48 10 175
108 237 44.9
108 261 210
108 107 297
108 43 261
94 261 86.1
10 261 56.0
261 178 224
261 43 182
261 250 89.2
261 93 78.3
261 16 62.0
16 250 23.6
16 178 170
16 93 78.5
93 181 321
79 39 149
181 6 158
181 114 94.0
261 181 394
114 189 44.5
189 62 159
62 39 176
27 236 69.3
6 236 70.5
6 107 210
236 267 107
236 266 213
236 107 139
267 266 111
266 222 32.0
266 5 103
222 243 210
222 198 348
43 107 40.5
107 129 54.2
107 125 64.0
107 272 42.1
107 191 103
272 125 41.3
178 161 157
178 76 107
178 251 52.9
178 5 102
178 191 103
5 191 64.6
129 191 48.9
251 76 48.2
186 76 33.7
251 186 20.2
76 162 39.8
76 161 58.7
162 263 63.9
162 161 17.0
161 157 229
161 22 105
161 263 51.3
161 37 92.9
157 22 304
22 37 11.5
163 198 139
163 39 31.6
39 243 245
39 198 124
200 243 87.7
200 3 152
185 263 93.8
185 235 119
185 3 128
263 235 25.2
157 3 24.4
3 232 141
3 221 30.8
3 254 13.0
221 254 26.2
254 41 231
165 35 23.8
165 235 15.3
235 109 124
109 158 62.6
109 187 139
159 158 77.7
159 187 90.9
158 35 32.3
187 92 70.1
187 30 80.8
30 232 146
30 92 36.0
30 271 75.7
92 271 44.5
271 232 84.2
171 216 7.1
223 52 3321
234 156 497
207 179 1061
153 70 1471
147 120 731
156 245 790
71 52 537
64 11 1258
64 160 815
223 244 54.1
53 238 220
213 238 121
91 8 2234
52 120 826
71 120 316
82 11 340
46 11 481
196 227 237
196 72 526
196 2 552
212 128 916
264 128 1877
54 261 813
179 169 1545
132 169 545
156 261 1072
135 70 1635
213 70 2059
113 149 1911
161 149 2063
149 261 1696
257 147 648
116 147 338
70 223 2100
135 145 1111
64 128 1967
234 147 457
52 59 575
161 135 4490
161 212 4671
52 140 237
230 29 679
179 4 675
226 64 302
54 130 133
241 170 1870
169 174 2576
169 120 565
23 120 342
23 90 132
120 90 472
10 128 3848
179 10 3673
171 10 4261
11 10 1060
81 61 262
203 61 234
81 203 465
12 203 53.0
12 255 109
141 255 277
141 26 67.8
213 26 498
179 175 248
123 175 62.0
123 40 106
121 40 59.3
121 86 235
224 86 47.5
224 42 43.9
180 42 68.3
180 176 24.9
179 176 144
151 137 191
64 137 556
151 208 180
113 208 584
153 24 1352
184 230 566
33 24 228
207 213 1236
207 135 1108
179 64 1713
207 52 2252
207 188 72.9
83 233 277
153 233 105
