50 0.01 11 542 0.02029520295202952 0 273 0.0
50 0.01 9 542 0.016605166051660517 0 273 0.0
50 0.01 15 542 0.027675276752767528 1 273 0.003663003663003663
50 0.01 12 542 0.02214022140221402 1 273 0.003663003663003663
50 0.01 17 542 0.03136531365313653 0 273 0.0
50 0.01 12 542 0.02214022140221402 1 273 0.003663003663003663
50 0.01 20 542 0.03690036900369004 1 273 0.003663003663003663
50 0.01 19 542 0.03505535055350553 1 273 0.003663003663003663
50 0.01 12 542 0.02214022140221402 0 273 0.0
50 0.01 11 542 0.02029520295202952 0 273 0.0
100 0.01 8 542 0.014760147601476014 0 273 0.0
100 0.01 4 542 0.007380073800738007 0 273 0.0
100 0.01 2 542 0.0036900369003690036 0 273 0.0
100 0.01 4 542 0.007380073800738007 0 273 0.0
100 0.01 4 542 0.007380073800738007 0 273 0.0
100 0.01 6 542 0.01107011070110701 0 273 0.0
100 0.01 10 542 0.01845018450184502 0 273 0.0
100 0.01 4 542 0.007380073800738007 1 273 0.003663003663003663
100 0.01 7 542 0.012915129151291513 1 273 0.003663003663003663
100 0.01 7 542 0.012915129151291513 1 273 0.003663003663003663
150 0.01 6 542 0.01107011070110701 1 273 0.003663003663003663
150 0.01 6 542 0.01107011070110701 0 273 0.0
150 0.01 9 542 0.016605166051660517 0 273 0.0
150 0.01 3 542 0.005535055350553505 0 273 0.0
150 0.01 4 542 0.007380073800738007 0 273 0.0
150 0.01 6 542 0.01107011070110701 0 273 0.0
150 0.01 3 542 0.005535055350553505 1 273 0.003663003663003663
150 0.01 6 542 0.01107011070110701 0 273 0.0
150 0.01 4 542 0.007380073800738007 0 273 0.0
150 0.01 7 542 0.012915129151291513 0 273 0.0
